4
16
3,2,1,1,1,0,0,0,2,1,0,0,1,0,0,0
0,1,1,1,1,2,1,1,0,1,1,1,0,1,0,0
0,0,1,0,1,1,1,0,1,1,2,1,1,1,1,0
0,0,0,1,0,0,1,2,0,0,0,1,1,1,2,3
3
0,0,0,1,1,0,2,0,4,1,0,0,1,0,5,0
2,1,5,1,3,2,1,1,9,1,1,6,0,1,0,7
1,1,1,1,1,1,1,1,1,1,1,1,1,1,1,1
0.04605204394302104, 0.09855125221797159, 0.112158629018838, 0.04773668923361005, 0.11109938600326627, 0.08539219839921791, 0.006655755992249809, 0.015756018340786448, 0.06834785190776822, 0.09423729132021892, 0.08126866883049821, 0.007314642651440791, 0.11223360973331664, 0.030086394516532083, 0.05905609432658107, 0.02405347356468284