O:
[[0 0 0 1 1 0 2 0 4 1 0 0 1 0 5 0]
 [2 1 5 1 3 2 1 1 9 1 1 6 0 1 0 7]
 [1 1 1 1 1 1 1 1 1 1 1 1 1 1 1 1]]
A:
[[3 2 1 1 1 0 0 0 2 1 0 0 1 0 0 0]
 [0 1 1 1 1 2 1 1 0 1 1 1 0 1 0 0]
 [0 0 1 0 1 1 1 0 1 1 2 1 1 1 1 0]
 [0 0 0 1 0 0 1 2 0 0 0 1 1 1 2 3]]
al: 0.0001
max_iter: 400000
gradient_eps 1e-09
t: 60000 ts: 1000000
(50, 16)
[ 0.13062801  0.54845834  0.93204014  0.67356207] , [ 0.01897402  0.06897104  0.08879296  0.10700715  0.11053616  0.1028141
  0.05126018  0.03074776  0.06553354  0.11171551  0.04830759  0.00037098
  0.06577636  0.00629869  0.09015212  0.03274185] , 5.93915447492e-18 , 1.26901047214e-06 , True
[ 0.14233361  0.24658215  0.95101329  0.33184166] , [ 0.03830204  0.00197187  0.00595569  0.07783497  0.06857586  0.00119619
  0.0978838   0.07576481  0.1128865   0.08831724  0.1322484   0.00229225
  0.08562924  0.10701052  0.06561761  0.03851302] , -1.30131077247e-17 , 2.98236061478e-14 , True
[ 0.55104896  0.77391665  0.05285067  0.54840404] , [  8.53166102e-02   2.02774382e-05   1.06886777e-01   4.23351668e-02
   3.45992760e-02   4.88777681e-02   5.51621065e-03   1.34304005e-01
   1.26422895e-01   2.35378104e-02   1.65816245e-02   1.05133029e-01
   1.02797577e-02   7.35981704e-02   7.78384700e-02   1.08752151e-01] , 2.26447679262e-13 , 2.27233486156e-16 , True
[ 0.40792242  0.51540554  0.61978149  0.84128751] , [ 0.06186473  0.07571302  0.06891829  0.00790711  0.0501276   0.04523651
  0.04032951  0.05344211  0.06326132  0.05358637  0.06782451  0.08930682
  0.09641499  0.10310424  0.04936102  0.07360185] , -1.44242198858e-17 , 8.08759319992e-07 , True
[ 0.90699048  0.5459396   0.73978998  0.51618384] , [ 0.09017511  0.03912164  0.03659487  0.0209487   0.01714521  0.03493427
  0.07357471  0.1060605   0.08128553  0.01693599  0.10296868  0.09405077
  0.09284127  0.06768452  0.08231894  0.04335929] , -2.19636833964e-17 , 6.93517137089e-05 , True
[ 0.03987962  0.96833483  0.67033471  0.88142253] , [ 0.089986    0.08068338  0.05410326  0.10846909  0.06079399  0.04647182
  0.04912087  0.08222795  0.06074849  0.01794837  0.06231613  0.02162768
  0.09948889  0.05503414  0.03098934  0.0799906 ] , 8.22302789648e-18 , 1.05630215565e-05 , True
[ 0.53234294  0.7032654   0.47007716  0.98743246] , [ 0.03359652  0.02400185  0.03790126  0.06048709  0.16328488  0.00922778
  0.14075556  0.07273175  0.15470941  0.01879182  0.07990799  0.00338222
  0.00493716  0.13131639  0.05062849  0.01433983] , -6.22311349404e-18 , 1.66595751281e-06 , True
[ 0.87101812  0.28654475  0.97310057  0.35198914] , [ 0.0653354   0.0612004   0.08941921  0.00348568  0.05508449  0.07825749
  0.07681548  0.07961946  0.04764853  0.016371    0.11031079  0.09738024
  0.05746032  0.01434419  0.08251713  0.06475019] , -3.66282952428e-17 , 2.24410175856e-10 , True
[ 0.68525076  0.88209033  0.39864874  0.72951366] , [ 0.14752628  0.10943551  0.09749152  0.03592258  0.11197163  0.01645277
  0.03109623  0.10531774  0.06640985  0.0469054   0.01626406  0.00733321
  0.04380162  0.00528886  0.06453989  0.09424283] , -9.77707930001e-18 , 5.97774624077e-06 , True
[ 0.41244503  0.25613189  0.14695011  0.87751972] , [  2.64257297e-02   9.49459412e-03   1.34881924e-01   7.60778569e-02
   1.14664077e-01   6.16000957e-02   1.03308093e-01   2.24101401e-03
   3.55452418e-02   1.33854517e-01   4.45351170e-03   2.00889312e-05
   9.78068807e-02   3.00422030e-02   9.27040332e-02   7.68801393e-02] , 1.39542893903e-17 , 9.11796191822e-07 , True
[ 0.52183961  0.91484336  0.76106669  0.91991853] , [ 0.01917638  0.0954754   0.10175418  0.10497977  0.10014103  0.00058358
  0.04254406  0.02986086  0.0629868   0.08062455  0.0976325   0.08960587
  0.05358549  0.0028062   0.08425213  0.03399118] , 1.20130065085e-17 , 1.40253722692e-07 , True
[ 0.45673621  0.57158441  0.44425855  0.33655891] , [ 0.08145947  0.09333189  0.09022881  0.07502233  0.06981306  0.05965717
  0.07107878  0.06434764  0.03880535  0.01546513  0.07103394  0.04071457
  0.08873803  0.04521549  0.0306762   0.06441214] , 7.21522505961e-18 , 8.12646587494e-06 , True
[ 0.27959753  0.9794581   0.55274534  0.64312733] , [ 0.07047285  0.04872666  0.04453367  0.11054928  0.05785188  0.12033881
  0.09461096  0.10669013  0.10356092  0.01668142  0.01845835  0.00182409
  0.0586715   0.05107652  0.02076923  0.07518374] , -2.70878144525e-18 , 1.00685129497e-05 , True
[ 0.66347985  0.37558033  0.85370591  0.29164131] , [ 0.14922827  0.04932741  0.07089828  0.03577214  0.13450292  0.00851791
  0.12480724  0.12424002  0.06866483  0.02427368  0.00460239  0.04286619
  0.04861415  0.05682523  0.0234065   0.03345284] , -1.84342524312e-17 , 8.89752000775e-10 , True
[ 0.64335269  0.09457015  0.30943172  0.09739287] , [ 0.05870625  0.02924626  0.06122881  0.01956463  0.02920455  0.07917932
  0.04708789  0.09620866  0.0996118   0.04531953  0.06100392  0.07502071
  0.05505175  0.06666949  0.08443721  0.09245922] , 3.01102733086e-18 , 5.68179552928e-08 , True
[ 0.59225885  0.40230853  0.5517848   0.52710103] , [ 0.05481526  0.03142098  0.06559923  0.06688775  0.07988885  0.0766855
  0.0195711   0.00330178  0.14650098  0.00114475  0.03098517  0.04929346
  0.022947    0.14422903  0.10505606  0.1016731 ] , 1.30001954692e-17 , 2.17283798216e-07 , True
[ 0.07308743  0.78037074  0.60254373  0.97483933] , [ 0.11279492  0.03122147  0.0492781   0.07696724  0.07752585  0.05556833
  0.01263435  0.04964084  0.0377743   0.07610072  0.06252229  0.01650846
  0.03501262  0.11161872  0.09072539  0.10410643] , 2.80009184355e-18 , 7.01966898217e-06 , True
[ 0.3045577   0.62113599  0.23008165  0.97082294] , [ 0.08669748  0.0328056   0.0177818   0.00339338  0.12006769  0.0674321
  0.04031269  0.0334031   0.0313761   0.106761    0.11221247  0.11794857
  0.11898672  0.0458348   0.06438791  0.00059858] , 1.07568219214e-17 , 0.000592026890298 , True
[ 0.21278372  0.92218437  0.24018215  0.90270529] , [ 0.0437577   0.06125694  0.09286232  0.03704783  0.04238008  0.08158381
  0.09819401  0.02771551  0.08880554  0.03426393  0.06890001  0.07880041
  0.08612483  0.03717968  0.06773939  0.05338801] , 1.14820481485e-17 , 1.71623610117e-07 , True
[ 0.23285522  0.06348845  0.31867905  0.34006289] , [ 0.06645457  0.08510729  0.0405456   0.1004649   0.08735798  0.08160684
  0.08992909  0.07458851  0.04183495  0.08778699  0.01139921  0.03608722
  0.05306948  0.06043665  0.0255221   0.05780862] , 2.45837411298e-18 , 2.48980772644e-06 , True
[ 0.8651212   0.13301577  0.16667165  0.75515329] , [  3.58102277e-02   4.38510094e-02   1.17354824e-01   5.77975940e-02
   6.34152834e-02   1.25307625e-01   1.16279089e-01   7.64355241e-03
   6.65892096e-03   1.12067117e-01   7.24142228e-02   7.80816902e-02
   2.00451426e-02   1.22162785e-04   2.66834309e-02   1.16468108e-01] , -1.51592678941e-17 , 4.63489554658e-16 , True
[ 0.54475562  0.78951668  0.86566547  0.38966274] , [ 0.06464517  0.04364467  0.1416179   0.09574431  0.02892231  0.00028891
  0.08139394  0.14018401  0.01068466  0.05872282  0.02840862  0.07095292
  0.01017558  0.10651154  0.08181454  0.03628808] , 4.45466290006e-18 , 3.80296447292e-05 , True
[ 0.43581168  0.48586409  0.72028035  0.96279594] , [ 0.02326507  0.11004898  0.0778425   0.02631969  0.10594232  0.01833408
  0.06297351  0.02275999  0.10731674  0.11179368  0.06067872  0.01453485
  0.10727325  0.06196992  0.02422196  0.06472473] , -1.82136934099e-18 , 3.59941938888e-05 , True
[ 0.72729656  0.79258869  0.1516205   0.52497223] , [ 0.08532864  0.04156552  0.00802225  0.08837661  0.0622068   0.08862478
  0.07608645  0.03807228  0.06846817  0.084899    0.10137407  0.03573558
  0.0210446   0.02163462  0.09103344  0.08752719] , -5.75110723627e-18 , 3.68229367983e-05 , True
[ 0.16070287  0.73597599  0.11194178  0.30876685] , [ 0.0657307   0.10581668  0.09677062  0.02677293  0.04975607  0.06846522
  0.04307551  0.00589894  0.05938173  0.07033685  0.09567651  0.08117515
  0.01349585  0.06426523  0.08939187  0.06399016] , 1.24170871627e-17 , 1.44627443988e-05 , True
[ 0.36458117  0.78619004  0.05578218  0.85598289] , [ 0.04446097  0.07941526  0.07486442  0.09266228  0.07451821  0.05801215
  0.08628297  0.03098943  0.0797898   0.03996565  0.08632969  0.01037428
  0.08984296  0.05479618  0.09179347  0.00590228] , 1.3147267164e-15 , 1.17689670517e-05 , True
[ 0.67217572  0.74789176  0.09530716  0.44772548] , [ 0.10678987  0.12572364  0.01793111  0.0511896   0.01223628  0.04068262
  0.05932993  0.02677848  0.10060886  0.11062446  0.11329935  0.05287493
  0.06928752  0.05401384  0.03501582  0.0236137 ] , 1.22916824405e-17 , 0.000205652300625 , True
[ 0.06922312  0.9673282   0.8107952   0.54542761] , [ 0.02258952  0.07718764  0.09126322  0.04603005  0.04184838  0.05249095
  0.05066456  0.0640525   0.09400063  0.07588514  0.06130669  0.09613258
  0.00235901  0.09339731  0.04385094  0.08694089] , -1.87284533797e-17 , 1.41145965999e-09 , True
[ 0.21984571  0.43394901  0.97909428  0.42652011] , [ 0.09571618  0.10319167  0.06108919  0.04263815  0.01916713  0.11057701
  0.06864809  0.04763857  0.0689483   0.0759478   0.08841626  0.05882592
  0.02673184  0.09001553  0.03500912  0.00743925] , -1.23226950397e-17 , 2.77849349643e-10 , True
[ 0.83902037  0.34078693  0.65330484  0.6648373 ] , [ 0.09709009  0.1033876   0.00963276  0.00248908  0.06371067  0.00430814
  0.1165614   0.10102365  0.02600872  0.07694538  0.00470865  0.07319931
  0.04304416  0.10259254  0.05862029  0.11667756] , 7.80198369835e-18 , 0.00029516362342 , True
[ 0.6160385   0.03324301  0.11964547  0.77255349] , [ 0.03590866  0.10398035  0.06640056  0.09239159  0.11850158  0.0780063
  0.01272573  0.0143341   0.11614196  0.01776484  0.11882004  0.04139201
  0.03367951  0.04618131  0.01857508  0.08519637] , 1.86519842139e-17 , 1.62576343257e-15 , True
[ 0.93960168  0.19989265  0.12586833  0.30967143] , [ 0.10607843  0.02922392  0.05147819  0.08368993  0.04964667  0.06558361
  0.09176935  0.100699    0.0819005   0.04990696  0.10873467  0.05120429
  0.01210479  0.0511779   0.03894426  0.02785751] , -1.22732300662e-17 , 0.000292103043531 , True
[ 0.51930399  0.34806627  0.84751341  0.92840177] , [ 0.08045161  0.0506779   0.12481419  0.01014628  0.03536702  0.04848368
  0.05459833  0.01882967  0.04838263  0.08529519  0.01765906  0.0860546
  0.05682819  0.1169953   0.07209114  0.09332521] , 5.68877852003e-18 , 7.54147024312e-08 , True
[ 0.3581306   0.21218754  0.79373256  0.18142127] , [ 0.01335233  0.05173687  0.00810797  0.0396141   0.0236777   0.04145898
  0.12058863  0.08142302  0.0420865   0.07468557  0.15432662  0.13449323
  0.04721452  0.10678139  0.03358881  0.02686379] , -9.98712154983e-18 , 5.02809231357e-13 , True
[ 0.21917846  0.74267913  0.61815097  0.58123139] , [ 0.02397469  0.04220604  0.09255438  0.04417355  0.03260665  0.06550907
  0.10057132  0.0422378   0.03529081  0.08767333  0.07869831  0.10069833
  0.0793819   0.10994563  0.02071308  0.04376512] , -1.63779026144e-18 , 0.00105283576192 , True
[ 0.38158973  0.89470904  0.74192839  0.13872976] , [ 0.032085    0.00771461  0.08064281  0.07120473  0.01853053  0.10918745
  0.07934393  0.04177212  0.06929918  0.10817334  0.09057013  0.00307699
  0.01935977  0.08556892  0.08738098  0.09608953] , 1.56103859846e-17 , 3.11918402179e-06 , True
[ 0.82986227  0.34651426  0.3737007   0.98271429] , [ 0.00984457  0.0875017   0.10710345  0.02273643  0.01174719  0.03155149
  0.10091022  0.01149079  0.06327594  0.10939452  0.0653127   0.05448023
  0.03860138  0.11811509  0.10017553  0.06775876] , 1.17126996414e-17 , 0.000137085035743 , True
[ 0.25780385  0.52148316  0.90706473  0.66107693] , [ 0.00583817  0.00469749  0.10200707  0.02022819  0.06853272  0.06753226
  0.07050573  0.05742122  0.05029471  0.10087528  0.09090904  0.09639195
  0.05106925  0.06680997  0.10069444  0.04619252] , -5.78198475432e-18 , 2.0140610946e-05 , True
[ 0.52124179  0.59120828  0.03930321  0.21852977] , [ 0.06308902  0.06657383  0.02269812  0.09002433  0.01137145  0.07101798
  0.10251898  0.10907237  0.12196061  0.08679109  0.00605991  0.00911655
  0.07219074  0.11200078  0.03424013  0.02127411] , 8.37453323868e-18 , 1.84402495156e-07 , True
[ 0.55657581  0.0122012   0.8869773   0.31665415] , [ 0.09750602  0.06549888  0.06560609  0.04166831  0.04758475  0.01334791
  0.14774373  0.13709736  0.07202986  0.05420252  0.01495387  0.02706745
  0.05187065  0.01279133  0.00298891  0.14804236] , 8.11257159256e-18 , 5.89789512422e-10 , True
[ 0.25807885  0.53376636  0.78742133  0.608018  ] , [ 0.08820478  0.07443432  0.06297978  0.10189661  0.02258662  0.00239957
  0.03812901  0.10254603  0.07803751  0.09730514  0.1170918   0.05912479
  0.02958921  0.07311204  0.00481029  0.0477525 ] , 1.54265249522e-17 , 4.88663000761e-07 , True
[ 0.36989822  0.74725133  0.8792832   0.92706758] , [ 0.08179258  0.08697221  0.07838495  0.09770977  0.02471715  0.04495759
  0.07491301  0.07159674  0.0961092   0.04467947  0.08684837  0.0973283
  0.01731335  0.00756711  0.01325343  0.07585678] , -1.58513795852e-17 , 9.89555218621e-11 , True
[ 0.76837706  0.43088662  0.37927692  0.13434696] , [ 0.01646447  0.00044385  0.02462896  0.0262022   0.00193209  0.07394855
  0.05273876  0.07771361  0.08922093  0.11217123  0.12345472  0.07613665
  0.10306883  0.10667202  0.1090954   0.00610773] , 1.64718894748e-17 , 6.32432303466e-08 , True
[ 0.8862547   0.86054958  0.11301891  0.5671094 ] , [ 0.07272367  0.09066979  0.05678428  0.08312049  0.10474064  0.09642842
  0.02479035  0.10184043  0.01110257  0.02048686  0.09264301  0.10779519
  0.00243748  0.10793773  0.02416993  0.00232917] , 9.92298855111e-18 , 1.3368662574e-09 , True
[ 0.05419427  0.27765775  0.59848325  0.32613535] , [ 0.0467065   0.05431905  0.02369869  0.02460998  0.1156483   0.07064135
  0.12383934  0.09556376  0.01663345  0.05897784  0.04957497  0.05961267
  0.06920567  0.06384069  0.03272448  0.09440327] , -2.61194802548e-17 , 2.29137719617e-05 , True
[ 0.31277453  0.20156222  0.88801976  0.42803296] , [ 0.143776    0.03798048  0.00666021  0.06677486  0.13768664  0.03750885
  0.06623773  0.05254444  0.06492036  0.00695542  0.12186771  0.03548224
  0.15066359  0.05269142  0.00778091  0.01046915] , 9.95529442905e-17 , 7.26276273189e-10 , True
[ 0.28245584  0.02336852  0.86393655  0.3208199 ] , [ 0.05218778  0.08835079  0.01334204  0.04802072  0.04107104  0.1301787
  0.10115667  0.06475854  0.08939083  0.04457566  0.04840014  0.08733319
  0.0300833   0.05546945  0.10119978  0.00448138] , 2.81378542442e-18 , 1.30403766583e-12 , True
[ 0.38058435  0.95843415  0.15348996  0.34074174] , [ 0.06791019  0.11917174  0.10673911  0.07918334  0.04363288  0.07336951
  0.12074312  0.02756541  0.06111656  0.01298657  0.0972052   0.02711302
  0.0541477   0.02082921  0.05833459  0.02995184] , -5.18646708684e-18 , 8.25730877549e-05 , True
[ 0.32303525  0.04039625  0.08692217  0.73462932] , [ 0.07919992  0.10394727  0.07509709  0.04514245  0.02227983  0.08130654
  0.00344039  0.11230162  0.01605456  0.12254174  0.04103617  0.03634355
  0.0969307   0.08799912  0.02538712  0.05099192] , 0.00014887505522 , 0.000224408353196 , True
[ 0.10470902  0.91127189  0.1740813   0.20607532] , [ 0.09708747  0.08808222  0.07253545  0.06860359  0.10572138  0.03667155
  0.04711369  0.0220907   0.0904438   0.00232548  0.06957619  0.10252089
  0.02686917  0.02481377  0.05119602  0.09434863] , 1.57291212709e-17 , 3.68909504565e-13 , True
50 50
100.0
