O:
[[ 7 13  5]
 [ 1  1  1]]
A:
[[2 1 0]
 [0 1 2]]
al: 0.0001
max_iter: 100000
gradient_eps 1e-09
t: 5000 ts: 100000
(861, 3)
[ 0.26240268  0.04179693] , [ 0.025  0.025  0.95 ] , 4.04068599226e-16 , True
[ 0.51813714  0.24139971] , [ 0.025  0.05   0.925] , 4.04111692234e-17 , True
[ 0.46633373  0.82029321] , [ 0.025  0.075  0.9  ] , -7.9405526921e-17 , True
[ 0.57178945  0.02552328] , [ 0.025  0.1    0.875] , -5.64482728898e-17 , True
[ 0.09518211  0.53149688] , [ 0.025  0.125  0.85 ] , -3.59122256474e-17 , True
[ 0.66219715  0.04864016] , [ 0.025  0.15   0.825] , 6.17884009093e-19 , True
[ 0.09136989  0.12866906] , [ 0.025  0.175  0.8  ] , 8.01501846393e-17 , True
[ 0.47401338  0.28079549] , [ 0.025  0.2    0.775] , -2.52551616417e-17 , True
[ 0.23380058  0.0777058 ] , [ 0.025  0.225  0.75 ] , 2.7229863809e-17 , True
[ 0.82749582  0.02422282] , [ 0.025  0.25   0.725] , 1.94176825915e-17 , True
[ 0.5179733   0.42264793] , [ 0.025  0.275  0.7  ] , 1.34911684039e-17 , True
[ 0.07770261  0.2379219 ] , [ 0.025  0.3    0.675] , -8.87921392478e-18 , True
[ 0.99646178  0.31651229] , [ 0.025  0.325  0.65 ] , -2.05468674214e-17 , True
[ 0.76241302  0.28030812] , [ 0.025  0.35   0.625] , 1.68403767044e-17 , True
[ 0.73501113  0.86765523] , [ 0.025  0.375  0.6  ] , 1.61738084007e-17 , True
[ 0.98760287  0.26521351] , [ 0.025  0.4    0.575] , 2.4398325406e-17 , True
[ 0.9084157   0.79853984] , [ 0.025  0.425  0.55 ] , -1.01877290982e-18 , True
[ 0.02840268  0.53173583] , [ 0.025  0.45   0.525] , 0.00153215229695 , True
[ 0.08893832  0.06144727] , [ 0.025  0.475  0.5  ] , 0.00688485106783 , True
[ 0.09480165  0.56910336] , [ 0.025  0.5    0.475] , 0.0159336487295 , True
[ 0.93672764  0.2954379 ] , [ 0.025  0.525  0.45 ] , 0.0285674642219 , True
[ 0.4818477  0.58579  ] , [ 0.025  0.55   0.425] , 0.0447105205017 , True
[ 0.6764259   0.66329878] , [ 0.025  0.575  0.4  ] , 0.0643177368326 , True
[ 0.24317382  0.06158956] , [ 0.025  0.6    0.375] , 0.0873720295481 , True
[ 0.41418138  0.1958996 ] , [ 0.025  0.625  0.35 ] , 0.113883117024 , True
[ 0.51842787  0.96080286] , [ 0.025  0.65   0.325] , 0.143887647643 , True
[ 0.35761498  0.44156849] , [ 0.025  0.675  0.3  ] , 0.177450641802 , True
[ 0.10539173  0.4131473 ] , [ 0.025  0.7    0.275] , 0.214668405035 , True
[ 0.52687752  0.68461968] , [ 0.025  0.725  0.25 ] , 0.255673269805 , True
[ 0.43018803  0.82301004] , [ 0.025  0.75   0.225] , 0.300640812248 , True
[ 0.33584625  0.81367481] , [ 0.025  0.775  0.2  ] , 0.349800658565 , True
[ 0.54950551  0.61671369] , [ 0.025  0.8    0.175] , 0.403452823152 , True
[ 0.89853024  0.28971666] , [ 0.025  0.825  0.15 ] , 0.46199309405 , True
[ 0.61414671  0.6914398 ] , [ 0.025  0.85   0.125] , 0.525954214946 , True
[ 0.9629058   0.78666347] , [ 0.025  0.875  0.1  ] , 0.596076900097 , True
[ 0.88427317  0.78271929] , [ 0.025  0.9    0.075] , 0.673443205731 , True
[ 0.79498667  0.04590456] , [ 0.025  0.925  0.05 ] , 0.759759985141 , True
[ 0.25419016  0.09587785] , [ 0.025  0.95   0.025] , 0.858091104785 , True
[ 0.61460648  0.14961706] , [ 0.05   0.025  0.925] , 4.66209737342e-17 , True
[ 0.36638293  0.71066461] , [ 0.05  0.05  0.9 ] , -3.69747952235e-17 , True
[ 0.54366116  0.71916794] , [ 0.05   0.075  0.875] , 3.44777079774e-17 , True
[ 0.2337811  0.6452245] , [ 0.05  0.1   0.85] , -6.97422663439e-17 , True
[ 0.03746021  0.04752373] , [ 0.05   0.125  0.825] , 7.55979310484e-17 , True
[ 0.74156152  0.4208861 ] , [ 0.05  0.15  0.8 ] , -7.58305650859e-17 , True
[ 0.36759807  0.42884994] , [ 0.05   0.175  0.775] , 1.60747953423e-17 , True
[ 0.27680361  0.6098681 ] , [ 0.05  0.2   0.75] , 1.15819873509e-17 , True
[ 0.25219485  0.0749389 ] , [ 0.05   0.225  0.725] , 5.45219133522e-18 , True
[ 0.04528051  0.86844018] , [ 0.05  0.25  0.7 ] , -1.4617569726e-17 , True
[ 0.51676427  0.39832421] , [ 0.05   0.275  0.675] , 7.2889405742e-18 , True
[ 0.77781504  0.55503956] , [ 0.05  0.3   0.65] , -5.36682168086e-18 , True
[ 0.09128419  0.11932519] , [ 0.05   0.325  0.625] , 2.07326335764e-17 , True
[ 0.10230712  0.4440859 ] , [ 0.05  0.35  0.6 ] , 3.08789288133e-17 , True
[ 0.18450839  0.51150255] , [ 0.05   0.375  0.575] , -2.40032052338e-17 , True
[ 0.98445731  0.24735559] , [ 0.05  0.4   0.55] , 3.93387019715e-17 , True
[ 0.74557263  0.51660578] , [ 0.05   0.425  0.525] , 3.37353714065e-05 , True
[ 0.0791977   0.60982593] , [ 0.05  0.45  0.5 ] , 0.00251623082046 , True
[ 0.26000321  0.58888444] , [ 0.05   0.475  0.475] , 0.00880554063571 , True
[ 0.01662269  0.08907433] , [ 0.05  0.5   0.45] , 0.0187595273227 , True
[ 0.06421977  0.63585532] , [ 0.05   0.525  0.425] , 0.0322764959098 , True
[ 0.84499008  0.47829326] , [ 0.05  0.55  0.4 ] , 0.0492886913241 , True
[ 0.39274773  0.21760987] , [ 0.05   0.575  0.375] , 0.0697582214778 , True
[ 0.86831285  0.86113262] , [ 0.05  0.6   0.35] , 0.0936747618938 , True
[ 0.9638024   0.87481705] , [ 0.05   0.625  0.325] , 0.121054701205 , True
[ 0.21756492  0.73810884] , [ 0.05  0.65  0.3 ] , 0.151941592178 , True
[ 0.76676048  0.12288688] , [ 0.05   0.675  0.275] , 0.186407939867 , True
[ 0.70632322  0.16868868] , [ 0.05  0.7   0.25] , 0.224558529131 , True
[ 0.50846653  0.47962592] , [ 0.05   0.725  0.225] , 0.266535710299 , True
[ 0.34202381  0.98970562] , [ 0.05  0.75  0.2 ] , 0.312527384589 , True
[ 0.63747121  0.67048974] , [ 0.05   0.775  0.175] , 0.362778967004 , True
[ 0.57684534  0.5756107 ] , [ 0.05  0.8   0.15] , 0.417611569437 , True
[ 0.0690355   0.91004332] , [ 0.05   0.825  0.125] , 0.477450516261 , True
[ 0.82600375  0.48464084] , [ 0.05  0.85  0.1 ] , 0.542872229392 , True
[ 0.39837835  0.73728039] , [ 0.05   0.875  0.075] , 0.614686602856 , True
[ 0.09437365  0.99373606] , [ 0.05  0.9   0.05] , 0.694095864661 , True
[ 0.06318318  0.06807731] , [ 0.05   0.925  0.025] , 0.78304598592 , True
[ 0.90670832  0.93350582] , [ 0.075  0.025  0.9  ] , 5.88331947532e-17 , True
[ 0.62087481  0.7729163 ] , [ 0.075  0.05   0.875] , 2.76031031887e-17 , True
[ 0.6734003   0.45841138] , [ 0.075  0.075  0.85 ] , 1.45167719192e-17 , True
[ 0.66120652  0.01135323] , [ 0.075  0.1    0.825] , 7.14992019353e-17 , True
[ 0.06150218  0.08437252] , [ 0.075  0.125  0.8  ] , -5.69802667227e-17 , True
[ 0.36487634  0.32660392] , [ 0.075  0.15   0.775] , 0.0 , True
[ 0.39864479  0.97662112] , [ 0.075  0.175  0.75 ] , 2.07772950603e-17 , True
[ 0.36732723  0.94144579] , [ 0.075  0.2    0.725] , 5.10655070938e-18 , True
[ 0.57706837  0.72049956] , [ 0.075  0.225  0.7  ] , -2.0983441194e-17 , True
[ 0.38678243  0.10091001] , [ 0.075  0.25   0.675] , 8.58079513144e-17 , True
[ 0.84483959  0.41148151] , [ 0.075  0.275  0.65 ] , -3.5196195611e-17 , True
[ 0.2835806   0.57109681] , [ 0.075  0.3    0.625] , 4.34948741548e-17 , True
[ 0.48967383  0.99938687] , [ 0.075  0.325  0.6  ] , -1.26685289462e-17 , True
[ 0.17143289  0.10315223] , [ 0.075  0.35   0.575] , 4.37925836058e-17 , True
[ 0.49410474  0.1498494 ] , [ 0.075  0.375  0.55 ] , 4.843967132e-17 , True
[ 0.82239038  0.02189265] , [ 0.075  0.4    0.525] , 2.54760017583e-17 , True
[ 0.58937126  0.67705303] , [ 0.075  0.425  0.5  ] , 0.000287920223768 , True
[ 0.43553174  0.51686048] , [ 0.075  0.45   0.475] , 0.00373799200063 , True
[ 0.40388983  0.96257243] , [ 0.075  0.475  0.45 ] , 0.0109550772408 , True
[ 0.79790173  0.75133059] , [ 0.075  0.5    0.425] , 0.0218079280685 , True
[ 0.89538405  0.89887312] , [ 0.075  0.525  0.4  ] , 0.0362038345716 , True
[ 0.04879438  0.17954973] , [ 0.075  0.55   0.375] , 0.0540828118636 , True
[ 0.18816084  0.60440733] , [ 0.075  0.575  0.35 ] , 0.0754140146495 , True
[ 0.09131559  0.43738118] , [ 0.075  0.6    0.325] , 0.100193824873 , True
[ 0.29081825  0.29968855] , [ 0.075  0.625  0.3  ] , 0.128445329462 , True
[ 0.13947472  0.30298209] , [ 0.075  0.65   0.275] , 0.160219096366 , True
[ 0.62705536  0.31932633] , [ 0.075  0.675  0.25 ] , 0.195595321285 , True
[ 0.3278968   0.67231456] , [ 0.075  0.7    0.225] , 0.234687595263 , True
[ 0.10479362  0.94911846] , [ 0.075  0.725  0.2  ] , 0.277648779598 , True
[ 0.70537443  0.1303918 ] , [ 0.075  0.75   0.175] , 0.324679837839 , True
[ 0.09945573  0.4322391 ] , [ 0.075  0.775  0.15 ] , 0.376043091318 , True
[ 0.04405644  0.66606112] , [ 0.075  0.8    0.125] , 0.432082495216 , True
[ 0.34003422  0.22636388] , [ 0.075  0.825  0.1  ] , 0.49325576461 , True
[ 0.51413985  0.36983575] , [ 0.075  0.85   0.075] , 0.560187972218 , True
[ 0.73297487  0.11978749] , [ 0.075  0.875  0.05 ] , 0.633767650494 , True
[ 0.41710904  0.69182536] , [ 0.075  0.9    0.025] , 0.715337611129 , True
[ 0.80402985  0.24955525] , [ 0.1    0.025  0.875] , -5.71953367411e-17 , True
[ 0.17731138  0.748222  ] , [ 0.1   0.05  0.85] , -9.10658098271e-17 , True
[ 0.72880542  0.93806361] , [ 0.1    0.075  0.825] , 7.02134745962e-17 , True
[ 0.7531777   0.65047447] , [ 0.1  0.1  0.8] , 1.49622142755e-17 , True
[ 0.90336429  0.68611445] , [ 0.1    0.125  0.775] , -8.11731409144e-17 , True
[ 0.07511731  0.60631667] , [ 0.1   0.15  0.75] , 2.38131463255e-17 , True
[ 0.2793823   0.39072274] , [ 0.1    0.175  0.725] , -5.12764832917e-17 , True
[ 0.16291792  0.66007005] , [ 0.1  0.2  0.7] , 7.58150721191e-17 , True
[ 0.48431469  0.11916394] , [ 0.1    0.225  0.675] , -9.60769925139e-18 , True
[ 0.7070629   0.66100131] , [ 0.1   0.25  0.65] , 4.23352733896e-18 , True
[ 0.37904523  0.87126134] , [ 0.1    0.275  0.625] , -2.1890144091e-17 , True
[ 0.27892793  0.19488269] , [ 0.1  0.3  0.6] , 3.07240118158e-17 , True
[ 0.34873434  0.29751306] , [ 0.1    0.325  0.575] , 2.41875249558e-17 , True
[ 0.46808696  0.64358552] , [ 0.1   0.35  0.55] , 5.62254156673e-18 , True
[ 0.88451064  0.56060485] , [ 0.1    0.375  0.525] , 6.90916666464e-17 , True
[ 0.67445889  0.63202609] , [ 0.1  0.4  0.5] , 3.08726177772e-17 , True
[ 0.7201073   0.03432804] , [ 0.1    0.425  0.475] , 0.000788424052417 , True
[ 0.68253228  0.04222415] , [ 0.1   0.45  0.45] , 0.00519496229021 , True
[ 0.13715903  0.6857966 ] , [ 0.1    0.475  0.425] , 0.0133316630132 , True
[ 0.51882743  0.71395234] , [ 0.1  0.5  0.4] , 0.025077611389 , True
[ 0.89912321  0.33306708] , [ 0.1    0.525  0.375] , 0.0403487239204 , True
[ 0.16866096  0.82174994] , [ 0.1   0.55  0.35] , 0.0590925644232 , True
[ 0.30606575  0.05701665] , [ 0.1    0.575  0.325] , 0.0812852162066 , True
[ 0.73198452  0.35014254] , [ 0.1  0.6  0.3] , 0.106929735427 , True
[ 0.09881187  0.20465661] , [ 0.1    0.625  0.275] , 0.136055955463 , True
[ 0.7123975   0.59913016] , [ 0.1   0.65  0.25] , 0.168721592432 , True
[ 0.19291387  0.90733002] , [ 0.1    0.675  0.225] , 0.205014765856 , True
[ 0.8329529   0.73513557] , [ 0.1  0.7  0.2] , 0.245058236147 , True
[ 0.20031563  0.76801384] , [ 0.1    0.725  0.175] , 0.28901592071 , True
[ 0.87056483  0.89814396] , [ 0.1   0.75  0.15] , 0.337102661852 , True
[ 0.51543912  0.62757509] , [ 0.1    0.775  0.125] , 0.389598932335 , True
[ 0.60395138  0.09906695] , [ 0.1  0.8  0.1] , 0.446873495092 , True
[ 0.95164643  0.13253692] , [ 0.1    0.825  0.075] , 0.509419713118 , True
[ 0.22686255  0.69102254] , [ 0.1   0.85  0.05] , 0.577917094904 , True
[ 0.37648197  0.41049862] , [ 0.1    0.875  0.025] , 0.653344118395 , True
[ 0.56728238  0.54869848] , [ 0.125  0.025  0.85 ] , 2.20247543877e-17 , True
[ 0.70196347  0.92220275] , [ 0.125  0.05   0.825] , -8.67706140776e-17 , True
[ 0.30323852  0.80365013] , [ 0.125  0.075  0.8  ] , 4.24630051809e-17 , True
[ 0.07657234  0.561733  ] , [ 0.125  0.1    0.775] , -3.25539918148e-17 , True
[ 0.61075623  0.13629516] , [ 0.125  0.125  0.75 ] , 8.15598432696e-17 , True
[ 0.47278499  0.95115249] , [ 0.125  0.15   0.725] , -3.48808837405e-17 , True
[ 0.84593636  0.08476083] , [ 0.125  0.175  0.7  ] , -4.9080644542e-17 , True
[ 0.82712722  0.71563316] , [ 0.125  0.2    0.675] , 5.91309468142e-18 , True
[ 0.08236044  0.36800999] , [ 0.125  0.225  0.65 ] , 9.57880604034e-18 , True
[ 0.94247374  0.20688749] , [ 0.125  0.25   0.625] , -3.03253219783e-17 , True
[ 0.88848943  0.13166585] , [ 0.125  0.275  0.6  ] , 5.33209989263e-17 , True
[ 0.91563703  0.91805251] , [ 0.125  0.3    0.575] , 1.28372379758e-17 , True
[ 0.96206301  0.76019575] , [ 0.125  0.325  0.55 ] , -4.83313159667e-18 , True
[ 0.50344604  0.18128444] , [ 0.125  0.35   0.525] , -4.09082555349e-17 , True
[ 0.41720851  0.36082684] , [ 0.125  0.375  0.5  ] , 4.39000493986e-17 , True
[ 0.56382752  0.19049654] , [ 0.125  0.4    0.475] , 2.14784001456e-17 , True
[ 0.29000738  0.59743707] , [ 0.125  0.425  0.45 ] , 0.00153215229695 , True
[ 0.50400802  0.05913943] , [ 0.125  0.45   0.425] , 0.00688485106783 , True
[ 0.11924583  0.18376578] , [ 0.125  0.475  0.4  ] , 0.0159336487295 , True
[ 0.20883596  0.77096544] , [ 0.125  0.5    0.375] , 0.0285674642219 , True
[ 0.15495499  0.90429758] , [ 0.125  0.525  0.35 ] , 0.0447105205017 , True
[ 0.74081435  0.45074551] , [ 0.125  0.55   0.325] , 0.0643177368326 , True
[ 0.50752362  0.32023564] , [ 0.125  0.575  0.3  ] , 0.0873720295481 , True
[ 0.49404052  0.75699013] , [ 0.125  0.6    0.275] , 0.113883117024 , True
[ 0.41133079  0.2549576 ] , [ 0.125  0.625  0.25 ] , 0.143887647643 , True
[ 0.07981047  0.16292457] , [ 0.125  0.65   0.225] , 0.177450641802 , True
[ 0.26101968  0.76893199] , [ 0.125  0.675  0.2  ] , 0.214668405035 , True
[ 0.17935942  0.10716403] , [ 0.125  0.7    0.175] , 0.255673269805 , True
[ 0.18110072  0.68788284] , [ 0.125  0.725  0.15 ] , 0.300640812248 , True
[ 0.33752935  0.56971216] , [ 0.125  0.75   0.125] , 0.349800658565 , True
[ 0.1505194  0.8069972] , [ 0.125  0.775  0.1  ] , 0.403452823152 , True
[ 0.56654158  0.89941449] , [ 0.125  0.8    0.075] , 0.46199309405 , True
[ 0.11640352  0.34340396] , [ 0.125  0.825  0.05 ] , 0.525954214946 , True
[ 0.48004094  0.51375602] , [ 0.125  0.85   0.025] , 0.596076900097 , True
[ 0.06309731  0.66282063] , [ 0.15   0.025  0.825] , -2.84900254946e-18 , True
[ 0.05893815  0.28093077] , [ 0.15  0.05  0.8 ] , 1.33940485694e-17 , True
[ 0.86762559  0.51016632] , [ 0.15   0.075  0.775] , -6.36708320324e-18 , True
[ 0.33709322  0.0768593 ] , [ 0.15  0.1   0.75] , 4.14650911905e-17 , True
[ 0.48284006  0.75537896] , [ 0.15   0.125  0.725] , 6.51816798308e-17 , True
[ 0.52454275  0.56468278] , [ 0.15  0.15  0.7 ] , 1.79865851795e-18 , True
[ 0.38983195  0.78283952] , [ 0.15   0.175  0.675] , -6.66471572853e-17 , True
[ 0.7981055   0.98580441] , [ 0.15  0.2   0.65] , 1.19165040054e-17 , True
[ 0.37058186  0.44248877] , [ 0.15   0.225  0.625] , 3.46222553572e-17 , True
[ 0.07878991  0.28013004] , [ 0.15  0.25  0.6 ] , -1.31440025284e-17 , True
[ 0.04426683  0.44307533] , [ 0.15   0.275  0.575] , 3.13361564293e-17 , True
[ 0.55125297  0.3686099 ] , [ 0.15  0.3   0.55] , -2.79215393789e-17 , True
[ 0.19235057  0.91883388] , [ 0.15   0.325  0.525] , -1.01099109585e-17 , True
[ 0.07407187  0.01984605] , [ 0.15  0.35  0.5 ] , -6.28384272144e-18 , True
[ 0.29788636  0.3672794 ] , [ 0.15   0.375  0.475] , 2.94735863452e-17 , True
[ 0.13904262  0.10922787] , [ 0.15  0.4   0.45] , 3.3735371211e-05 , True
[ 0.78738205  0.9538703 ] , [ 0.15   0.425  0.425] , 0.00251623082046 , True
[ 0.28225391  0.51604097] , [ 0.15  0.45  0.4 ] , 0.00880554063571 , True
[ 0.13914976  0.39277017] , [ 0.15   0.475  0.375] , 0.0187595273227 , True
[ 0.9640813   0.24259089] , [ 0.15  0.5   0.35] , 0.0322764959098 , True
[ 0.21179235  0.73181743] , [ 0.15   0.525  0.325] , 0.0492886913241 , True
[ 0.5222547   0.15901815] , [ 0.15  0.55  0.3 ] , 0.0697582214778 , True
[ 0.92310695  0.87559432] , [ 0.15   0.575  0.275] , 0.0936747618938 , True
[ 0.95416722  0.17851346] , [ 0.15  0.6   0.25] , 0.121054701205 , True
[ 0.27382372  0.38524173] , [ 0.15   0.625  0.225] , 0.151941592178 , True
[ 0.01924086  0.75933022] , [ 0.15  0.65  0.2 ] , 0.186407939867 , True
[ 0.68641564  0.6214562 ] , [ 0.15   0.675  0.175] , 0.224558529131 , True
[ 0.90277453  0.69615396] , [ 0.15  0.7   0.15] , 0.266535710299 , True
[ 0.16085679  0.36892744] , [ 0.15   0.725  0.125] , 0.312527384589 , True
[ 0.86233315  0.3787169 ] , [ 0.15  0.75  0.1 ] , 0.362778967004 , True
[ 0.11808702  0.01102294] , [ 0.15   0.775  0.075] , 0.417611569437 , True
[ 0.57742568  0.48140394] , [ 0.15  0.8   0.05] , 0.477450516261 , True
[ 0.4325753   0.92074307] , [ 0.15   0.825  0.025] , 0.542872229392 , True
[ 0.74842413  0.24513359] , [ 0.175  0.025  0.8  ] , -4.10654818058e-18 , True
[ 0.69212695  0.20462487] , [ 0.175  0.05   0.775] , 8.78676499601e-17 , True
[ 0.33626386  0.97073517] , [ 0.175  0.075  0.75 ] , -4.37022672401e-17 , True
[ 0.77069746  0.21855411] , [ 0.175  0.1    0.725] , 8.93857961393e-17 , True
[ 0.26370475  0.82463341] , [ 0.175  0.125  0.7  ] , -7.12525221077e-17 , True
[ 0.61059772  0.27659023] , [ 0.175  0.15   0.675] , -4.40314339927e-17 , True
[ 0.74375624  0.52401777] , [ 0.175  0.175  0.65 ] , -1.12439897587e-17 , True
[ 0.82734202  0.8972742 ] , [ 0.175  0.2    0.625] , -7.25762954373e-17 , True
[ 0.74479454  0.6580647 ] , [ 0.175  0.225  0.6  ] , -5.70971663546e-17 , True
[ 0.02092991  0.22956206] , [ 0.175  0.25   0.575] , -2.43355143822e-17 , True
[ 0.86176674  0.52247271] , [ 0.175  0.275  0.55 ] , 5.3300347918e-17 , True
[ 0.71119099  0.27967097] , [ 0.175  0.3    0.525] , 6.05553051288e-18 , True
[ 0.20336613  0.22289122] , [ 0.175  0.325  0.5  ] , 4.97932686591e-18 , True
[ 0.37200769  0.05538477] , [ 0.175  0.35   0.475] , -1.74023466612e-17 , True
[ 0.19208263  0.39684386] , [ 0.175  0.375  0.45 ] , -3.12762952422e-17 , True
[ 0.84180835  0.50177162] , [ 0.175  0.4    0.425] , 0.000287920223768 , True
[ 0.28525466  0.91726093] , [ 0.175  0.425  0.4  ] , 0.00373799200063 , True
[ 0.32259565  0.51525871] , [ 0.175  0.45   0.375] , 0.0109550772408 , True
[ 0.89008672  0.58514975] , [ 0.175  0.475  0.35 ] , 0.0218079280685 , True
[ 0.25506407  0.15460966] , [ 0.175  0.5    0.325] , 0.0362038345716 , True
[ 0.18511459  0.83887428] , [ 0.175  0.525  0.3  ] , 0.0540828118636 , True
[ 0.49543836  0.14914755] , [ 0.175  0.55   0.275] , 0.0754140146495 , True
[ 0.14006934  0.4643998 ] , [ 0.175  0.575  0.25 ] , 0.100193824873 , True
[ 0.96022176  0.51474771] , [ 0.175  0.6    0.225] , 0.128445329462 , True
[ 0.49820487  0.76150651] , [ 0.175  0.625  0.2  ] , 0.160219096366 , True
[ 0.20481514  0.93653573] , [ 0.175  0.65   0.175] , 0.195595321285 , True
[ 0.47706106  0.83828675] , [ 0.175  0.675  0.15 ] , 0.234687595263 , True
[ 0.47321752  0.25162763] , [ 0.175  0.7    0.125] , 0.277648779598 , True
[ 0.94167837  0.69265391] , [ 0.175  0.725  0.1  ] , 0.324679837839 , True
[ 0.25305478  0.8366699 ] , [ 0.175  0.75   0.075] , 0.376043091318 , True
[ 0.4579977   0.47936548] , [ 0.175  0.775  0.05 ] , 0.432082495216 , True
[ 0.7542024   0.08214113] , [ 0.175  0.8    0.025] , 0.49325576461 , True
[ 0.90529889  0.39425235] , [ 0.2    0.025  0.775] , -6.72663841425e-18 , True
[ 0.3320912   0.07626299] , [ 0.2   0.05  0.75] , -6.85031732071e-17 , True
[ 0.82780042  0.01811048] , [ 0.2    0.075  0.725] , 6.41863550655e-17 , True
[ 0.43537397  0.21537889] , [ 0.2  0.1  0.7] , 7.13088011118e-17 , True
[ 0.70863733  0.80573407] , [ 0.2    0.125  0.675] , 1.47734783413e-17 , True
[ 0.55703358  0.05470799] , [ 0.2   0.15  0.65] , -2.91492496563e-17 , True
[ 0.99054195  0.49085152] , [ 0.2    0.175  0.625] , 2.35108147443e-17 , True
[ 0.7966327   0.61536914] , [ 0.2  0.2  0.6] , 1.81478763734e-17 , True
[ 0.2405461   0.99682694] , [ 0.2    0.225  0.575] , -9.11563210444e-17 , True
[ 0.76857399  0.21421234] , [ 0.2   0.25  0.55] , -2.45011381197e-17 , True
[ 0.71302586  0.07119914] , [ 0.2    0.275  0.525] , -5.22554177523e-17 , True
[ 0.9169649   0.92717117] , [ 0.2  0.3  0.5] , 6.17038651035e-18 , True
[ 0.65875599  0.37875255] , [ 0.2    0.325  0.475] , 1.35087518074e-17 , True
[ 0.44141896  0.65362258] , [ 0.2   0.35  0.45] , 3.11632479528e-17 , True
[ 0.10476539  0.71600065] , [ 0.2    0.375  0.425] , -2.26257527434e-18 , True
[ 0.53052055  0.20219393] , [ 0.2  0.4  0.4] , 0.000788424052418 , True
[ 0.74199076  0.68345614] , [ 0.2    0.425  0.375] , 0.00519496229021 , True
[ 0.76028297  0.54136765] , [ 0.2   0.45  0.35] , 0.0133316630132 , True
[ 0.82050362  0.01351286] , [ 0.2    0.475  0.325] , 0.025077611389 , True
[ 0.75000085  0.2429678 ] , [ 0.2  0.5  0.3] , 0.0403487239204 , True
[ 0.93218138  0.02131187] , [ 0.2    0.525  0.275] , 0.0590925644232 , True
[ 0.52833568  0.8215003 ] , [ 0.2   0.55  0.25] , 0.0812852162066 , True
[ 0.52288735  0.69757217] , [ 0.2    0.575  0.225] , 0.106929735427 , True
[ 0.4912821   0.30215469] , [ 0.2  0.6  0.2] , 0.136055955463 , True
[ 0.52658408  0.38193228] , [ 0.2    0.625  0.175] , 0.168721592432 , True
[ 0.01100522  0.75844133] , [ 0.2   0.65  0.15] , 0.205014765856 , True
[ 0.90663104  0.67581382] , [ 0.2    0.675  0.125] , 0.245058236147 , True
[ 0.30253248  0.19946451] , [ 0.2  0.7  0.1] , 0.28901592071 , True
[ 0.55833356  0.90967186] , [ 0.2    0.725  0.075] , 0.337102661852 , True
[ 0.82682968  0.36242343] , [ 0.2   0.75  0.05] , 0.389598932335 , True
[ 0.65672071  0.55368581] , [ 0.2    0.775  0.025] , 0.446873495092 , True
[ 0.27327245  0.09856685] , [ 0.225  0.025  0.75 ] , -9.60113302084e-17 , True
[ 0.33700147  0.40184777] , [ 0.225  0.05   0.725] , 3.35512495613e-17 , True
[ 0.7097024   0.70625903] , [ 0.225  0.075  0.7  ] , -8.47017437281e-17 , True
[ 0.357823    0.58829621] , [ 0.225  0.1    0.675] , -2.34174782172e-17 , True
[ 0.24111117  0.77654567] , [ 0.225  0.125  0.65 ] , 1.21562871294e-17 , True
[ 0.11949801  0.31141206] , [ 0.225  0.15   0.625] , 5.59166809571e-17 , True
[ 0.25980614  0.17694987] , [ 0.225  0.175  0.6  ] , -6.2440457545e-17 , True
[ 0.30143848  0.72907436] , [ 0.225  0.2    0.575] , 5.66539305459e-17 , True
[ 0.47750644  0.76417982] , [ 0.225  0.225  0.55 ] , 5.34993372212e-17 , True
[ 0.99169746  0.66792842] , [ 0.225  0.25   0.525] , 4.12116121943e-18 , True
[ 0.9339037   0.61083562] , [ 0.225  0.275  0.5  ] , 3.68265972266e-18 , True
[ 0.08948964  0.61596655] , [ 0.225  0.3    0.475] , -5.75832951462e-19 , True
[ 0.28615032  0.91454539] , [ 0.225  0.325  0.45 ] , 1.26791768007e-17 , True
[ 0.18237807  0.53651689] , [ 0.225  0.35   0.425] , 3.37705454353e-17 , True
[ 0.85456641  0.63874001] , [ 0.225  0.375  0.4  ] , 5.65174706268e-17 , True
[ 0.46746063  0.84177503] , [ 0.225  0.4    0.375] , 0.00153215229695 , True
[ 0.70229184  0.31899406] , [ 0.225  0.425  0.35 ] , 0.00688485106783 , True
[ 0.02700582  0.82908727] , [ 0.225  0.45   0.325] , 0.0159336487295 , True
[ 0.61846918  0.67220302] , [ 0.225  0.475  0.3  ] , 0.0285674642219 , True
[ 0.61444652  0.16951832] , [ 0.225  0.5    0.275] , 0.0447105205017 , True
[ 0.97896135  0.24961562] , [ 0.225  0.525  0.25 ] , 0.0643177368326 , True
[ 0.16609002  0.64916875] , [ 0.225  0.55   0.225] , 0.0873720295481 , True
[ 0.68123023  0.92051443] , [ 0.225  0.575  0.2  ] , 0.113883117024 , True
[ 0.18289837  0.52646012] , [ 0.225  0.6    0.175] , 0.143887647643 , True
[ 0.42937234  0.12834158] , [ 0.225  0.625  0.15 ] , 0.177450641802 , True
[ 0.55499011  0.54475996] , [ 0.225  0.65   0.125] , 0.214668405035 , True
[ 0.05695882  0.07144027] , [ 0.225  0.675  0.1  ] , 0.255673269805 , True
[ 0.23865595  0.24335844] , [ 0.225  0.7    0.075] , 0.300640812248 , True
[ 0.55199771  0.99670098] , [ 0.225  0.725  0.05 ] , 0.349800658565 , True
[ 0.68782622  0.84989227] , [ 0.225  0.75   0.025] , 0.403452823152 , True
[ 0.14580181  0.16604893] , [ 0.25   0.025  0.725] , 3.05431126885e-17 , True
[ 0.95960372  0.79330681] , [ 0.25  0.05  0.7 ] , 5.01370978567e-17 , True
[ 0.51472868  0.46853434] , [ 0.25   0.075  0.675] , -3.1840589886e-17 , True
[ 0.52239537  0.87092232] , [ 0.25  0.1   0.65] , -7.30870933382e-17 , True
[ 0.33934057  0.77704804] , [ 0.25   0.125  0.625] , -3.2607929036e-17 , True
[ 0.72267306  0.5915496 ] , [ 0.25  0.15  0.6 ] , 4.36038180697e-17 , True
[ 0.02978454  0.69200943] , [ 0.25   0.175  0.575] , 2.00952065171e-17 , True
[ 0.01830989  0.64064795] , [ 0.25  0.2   0.55] , 2.75101320197e-17 , True
[ 0.58167808  0.46570137] , [ 0.25   0.225  0.525] , 4.60738737404e-17 , True
[ 0.98967819  0.3796231 ] , [ 0.25  0.25  0.5 ] , -5.42120669642e-17 , True
[ 0.48108265  0.33897213] , [ 0.25   0.275  0.475] , -6.32264479229e-18 , True
[ 0.39246544  0.3539378 ] , [ 0.25  0.3   0.45] , -4.06666846626e-18 , True
[ 0.94832464  0.46473895] , [ 0.25   0.325  0.425] , -4.78069680404e-17 , True
[ 0.37248624  0.83516514] , [ 0.25  0.35  0.4 ] , -6.56740452078e-18 , True
[ 0.91485809  0.39226756] , [ 0.25   0.375  0.375] , 3.37353699456e-05 , True
[ 0.65113208  0.71012263] , [ 0.25  0.4   0.35] , 0.00251623082046 , True
[ 0.25476296  0.58910533] , [ 0.25   0.425  0.325] , 0.00880554063571 , True
[ 0.42574086  0.97257419] , [ 0.25  0.45  0.3 ] , 0.0187595273227 , True
[ 0.05008363  0.08863607] , [ 0.25   0.475  0.275] , 0.0322764959098 , True
[ 0.09748151  0.48162306] , [ 0.25  0.5   0.25] , 0.0492886913241 , True
[ 0.85995871  0.79272401] , [ 0.25   0.525  0.225] , 0.0697582214778 , True
[ 0.11017505  0.37800621] , [ 0.25  0.55  0.2 ] , 0.0936747618938 , True
[ 0.17114893  0.14612364] , [ 0.25   0.575  0.175] , 0.121054701205 , True
[ 0.71215216  0.15583102] , [ 0.25  0.6   0.15] , 0.151941592178 , True
[ 0.04126148  0.20223103] , [ 0.25   0.625  0.125] , 0.186407939867 , True
[ 0.50987434  0.2326711 ] , [ 0.25  0.65  0.1 ] , 0.224558529131 , True
[ 0.18298804  0.72946521] , [ 0.25   0.675  0.075] , 0.266535710299 , True
[ 0.22318675  0.99014982] , [ 0.25  0.7   0.05] , 0.312527384589 , True
[ 0.27233262  0.83135815] , [ 0.25   0.725  0.025] , 0.362778967004 , True
[ 0.47562548  0.61018078] , [ 0.275  0.025  0.7  ] , -6.69520527261e-17 , True
[ 0.1991305   0.22647123] , [ 0.275  0.05   0.675] , -3.13461986915e-17 , True
[ 0.3816257   0.08718535] , [ 0.275  0.075  0.65 ] , 2.48357197242e-17 , True
[ 0.75794886  0.60782248] , [ 0.275  0.1    0.625] , -4.63397818982e-17 , True
[ 0.34201346  0.09961658] , [ 0.275  0.125  0.6  ] , -5.47913381557e-17 , True
[ 0.56604116  0.66858252] , [ 0.275  0.15   0.575] , 2.34056688694e-17 , True
[ 0.1273297   0.70891567] , [ 0.275  0.175  0.55 ] , 6.21423535644e-18 , True
[ 0.15197514  0.81491799] , [ 0.275  0.2    0.525] , 2.81988140894e-17 , True
[ 0.03085282  0.95667046] , [ 0.275  0.225  0.5  ] , 1.47531560154e-17 , True
[ 0.22273087  0.63248033] , [ 0.275  0.25   0.475] , 8.50226710591e-18 , True
[ 0.06598411  0.0479042 ] , [ 0.275  0.275  0.45 ] , 1.8745677879e-17 , True
[ 0.72013649  0.51225933] , [ 0.275  0.3    0.425] , -1.47265263012e-17 , True
[ 0.43204709  0.4530787 ] , [ 0.275  0.325  0.4  ] , -6.76623496222e-17 , True
[ 0.57679223  0.29042395] , [ 0.275  0.35   0.375] , -5.69330553689e-18 , True
[ 0.10252168  0.41147084] , [ 0.275  0.375  0.35 ] , 0.000287920223768 , True
[ 0.6144718   0.77496174] , [ 0.275  0.4    0.325] , 0.00373799200063 , True
[ 0.2692546   0.81507984] , [ 0.275  0.425  0.3  ] , 0.0109550772408 , True
[ 0.68257348  0.18770732] , [ 0.275  0.45   0.275] , 0.0218079280685 , True
[ 0.66262657  0.48314777] , [ 0.275  0.475  0.25 ] , 0.0362038345716 , True
[ 0.17135967  0.06516359] , [ 0.275  0.5    0.225] , 0.0540828118636 , True
[ 0.46132874  0.16292283] , [ 0.275  0.525  0.2  ] , 0.0754140146495 , True
[ 0.528935    0.86670724] , [ 0.275  0.55   0.175] , 0.100193824873 , True
[ 0.42409969  0.12095473] , [ 0.275  0.575  0.15 ] , 0.128445329462 , True
[ 0.6894694   0.38478931] , [ 0.275  0.6    0.125] , 0.160219096366 , True
[ 0.44979422  0.75989453] , [ 0.275  0.625  0.1  ] , 0.195595321285 , True
[ 0.76831636  0.51791283] , [ 0.275  0.65   0.075] , 0.234687595263 , True
[ 0.09532805  0.36943876] , [ 0.275  0.675  0.05 ] , 0.277648779598 , True
[ 0.49969761  0.70194108] , [ 0.275  0.7    0.025] , 0.324679837839 , True
[ 0.60438167  0.32790899] , [ 0.3    0.025  0.675] , -8.20174443547e-17 , True
[ 0.42873388  0.61941752] , [ 0.3   0.05  0.65] , -2.51416054189e-17 , True
[ 0.0989109   0.75830286] , [ 0.3    0.075  0.625] , -6.2406959779e-17 , True
[ 0.98267651  0.69804866] , [ 0.3  0.1  0.6] , 8.85322906413e-17 , True
[ 0.319746    0.13069482] , [ 0.3    0.125  0.575] , 6.40578977336e-17 , True
[ 0.07961442  0.81146905] , [ 0.3   0.15  0.55] , 3.85011038165e-17 , True
[ 0.96944937  0.63108352] , [ 0.3    0.175  0.525] , 5.1241062675e-17 , True
[ 0.7652146   0.52973835] , [ 0.3  0.2  0.5] , -3.64999491301e-17 , True
[ 0.20860768  0.38111585] , [ 0.3    0.225  0.475] , 3.87680228928e-17 , True
[ 0.90038392  0.92758533] , [ 0.3   0.25  0.45] , -3.85922492798e-17 , True
[ 0.90951466  0.08998583] , [ 0.3    0.275  0.425] , 5.04244029611e-18 , True
[ 0.3375256   0.12047904] , [ 0.3  0.3  0.4] , -1.42042218554e-17 , True
[ 0.74710534  0.19065588] , [ 0.3    0.325  0.375] , 4.87455841325e-19 , True
[ 0.82774533  0.98048205] , [ 0.3   0.35  0.35] , 9.7559218708e-18 , True
[ 0.22014491  0.10501279] , [ 0.3    0.375  0.325] , 0.000788424052417 , True
[ 0.44225504  0.09145094] , [ 0.3  0.4  0.3] , 0.00519496229021 , True
[ 0.46664355  0.96790872] , [ 0.3    0.425  0.275] , 0.0133316630132 , True
[ 0.56328672  0.77345682] , [ 0.3   0.45  0.25] , 0.025077611389 , True
[ 0.23599328  0.54207574] , [ 0.3    0.475  0.225] , 0.0403487239204 , True
[ 0.54985322  0.6245579 ] , [ 0.3  0.5  0.2] , 0.0590925644232 , True
[ 0.9869649   0.47420073] , [ 0.3    0.525  0.175] , 0.0812852162066 , True
[ 0.03879994  0.77954353] , [ 0.3   0.55  0.15] , 0.106929735427 , True
[ 0.33985423  0.16205513] , [ 0.3    0.575  0.125] , 0.136055955463 , True
[ 0.65752222  0.06210408] , [ 0.3  0.6  0.1] , 0.168721592432 , True
[ 0.6668805   0.32991746] , [ 0.3    0.625  0.075] , 0.205014765856 , True
[ 0.6834708  0.9975109] , [ 0.3   0.65  0.05] , 0.245058236147 , True
[ 0.70784613  0.08270469] , [ 0.3    0.675  0.025] , 0.28901592071 , True
[ 0.36167295  0.61807655] , [ 0.325  0.025  0.65 ] , -4.3759014903e-17 , True
[ 0.43320941  0.8835611 ] , [ 0.325  0.05   0.625] , -4.65376090567e-17 , True
[ 0.44368311  0.67151083] , [ 0.325  0.075  0.6  ] , 9.12151379441e-19 , True
[ 0.82582248  0.25462333] , [ 0.325  0.1    0.575] , -4.8399318702e-17 , True
[ 0.94116754  0.46878878] , [ 0.325  0.125  0.55 ] , 1.46449357034e-17 , True
[ 0.57796364  0.07345624] , [ 0.325  0.15   0.525] , 3.86530266603e-18 , True
[ 0.95104889  0.55525308] , [ 0.325  0.175  0.5  ] , -3.07371046956e-17 , True
[ 0.23874477  0.38089789] , [ 0.325  0.2    0.475] , -5.17468231728e-17 , True
[ 0.10802507  0.21038807] , [ 0.325  0.225  0.45 ] , -6.36293369991e-17 , True
[ 0.07238698  0.72232104] , [ 0.325  0.25   0.425] , -3.97435263769e-17 , True
[ 0.93793006  0.52264453] , [ 0.325  0.275  0.4  ] , 2.73137503522e-17 , True
[ 0.61136624  0.45102552] , [ 0.325  0.3    0.375] , 4.55264949988e-17 , True
[ 0.08809447  0.0793004 ] , [ 0.325  0.325  0.35 ] , 4.18794789544e-17 , True
[ 0.22519625  0.90897866] , [ 0.325  0.35   0.325] , 5.81683833359e-17 , True
[ 0.21589655  0.4676856 ] , [ 0.325  0.375  0.3  ] , 0.00153215229695 , True
[ 0.33686341  0.39247491] , [ 0.325  0.4    0.275] , 0.00688485106783 , True
[ 0.63473318  0.08858892] , [ 0.325  0.425  0.25 ] , 0.0159336487295 , True
[ 0.37175933  0.04701165] , [ 0.325  0.45   0.225] , 0.0285674642219 , True
[ 0.02827195  0.66489989] , [ 0.325  0.475  0.2  ] , 0.0447105205017 , True
[ 0.99398949  0.09501043] , [ 0.325  0.5    0.175] , 0.0643177368326 , True
[ 0.21832838  0.38338752] , [ 0.325  0.525  0.15 ] , 0.0873720295481 , True
[ 0.91862009  0.71465462] , [ 0.325  0.55   0.125] , 0.113883117024 , True
[ 0.69791802  0.88711993] , [ 0.325  0.575  0.1  ] , 0.143887647643 , True
[ 0.43773012  0.08060357] , [ 0.325  0.6    0.075] , 0.177450641802 , True
[ 0.79080918  0.9543814 ] , [ 0.325  0.625  0.05 ] , 0.214668405035 , True
[ 0.24969115  0.32148785] , [ 0.325  0.65   0.025] , 0.255673269805 , True
[ 0.51462995  0.68833659] , [ 0.35   0.025  0.625] , 6.01250020645e-17 , True
[ 0.71946642  0.44494255] , [ 0.35  0.05  0.6 ] , 5.83317766325e-17 , True
[ 0.10144696  0.75565874] , [ 0.35   0.075  0.575] , 2.92300335449e-18 , True
[ 0.37302755  0.11553984] , [ 0.35  0.1   0.55] , -1.26102729758e-17 , True
[ 0.58929827  0.5719665 ] , [ 0.35   0.125  0.525] , 4.19073493122e-17 , True
[ 0.35661346  0.98814487] , [ 0.35  0.15  0.5 ] , 3.10555959484e-17 , True
[ 0.96298581  0.71407437] , [ 0.35   0.175  0.475] , 2.60243663178e-17 , True
[ 0.96561624  0.76214865] , [ 0.35  0.2   0.45] , -3.20124398964e-19 , True
[ 0.23031426  0.51969565] , [ 0.35   0.225  0.425] , 4.60684930572e-17 , True
[ 0.16319435  0.92472108] , [ 0.35  0.25  0.4 ] , 5.63428077587e-17 , True
[ 0.48030647  0.10632835] , [ 0.35   0.275  0.375] , 4.89757813699e-17 , True
[ 0.85475438  0.51417396] , [ 0.35  0.3   0.35] , 5.28806468762e-17 , True
[ 0.31768243  0.64098696] , [ 0.35   0.325  0.325] , -3.46531097513e-17 , True
[ 0.57151861  0.47602372] , [ 0.35  0.35  0.3 ] , 3.37353687553e-05 , True
[ 0.18054951  0.97652686] , [ 0.35   0.375  0.275] , 0.00251623082046 , True
[ 0.87757247  0.48725895] , [ 0.35  0.4   0.25] , 0.00880554063571 , True
[ 0.0962106   0.27932215] , [ 0.35   0.425  0.225] , 0.0187595273227 , True
[ 0.79735311  0.65495561] , [ 0.35  0.45  0.2 ] , 0.0322764959098 , True
[ 0.72871654  0.88109567] , [ 0.35   0.475  0.175] , 0.0492886913241 , True
[ 0.99225485  0.80701805] , [ 0.35  0.5   0.15] , 0.0697582214778 , True
[ 0.36721925  0.07138919] , [ 0.35   0.525  0.125] , 0.0936747618938 , True
[ 0.59852311  0.10397723] , [ 0.35  0.55  0.1 ] , 0.121054701205 , True
[ 0.25593468  0.31937323] , [ 0.35   0.575  0.075] , 0.151941592178 , True
[ 0.43925328  0.46847612] , [ 0.35  0.6   0.05] , 0.186407939867 , True
[ 0.24852359  0.89191078] , [ 0.35   0.625  0.025] , 0.224558529131 , True
[ 0.1046938   0.47518647] , [ 0.375  0.025  0.6  ] , 4.87732198601e-17 , True
[ 0.40551909  0.08901129] , [ 0.375  0.05   0.575] , 1.02457984417e-17 , True
[ 0.24938247  0.3365499 ] , [ 0.375  0.075  0.55 ] , -2.35433898641e-18 , True
[ 0.32694414  0.77629381] , [ 0.375  0.1    0.525] , 5.47205507107e-18 , True
[ 0.71000011  0.87100706] , [ 0.375  0.125  0.5  ] , 2.66875097468e-18 , True
[ 0.11803495  0.28796261] , [ 0.375  0.15   0.475] , -7.88452338664e-17 , True
[ 0.74788599  0.80654374] , [ 0.375  0.175  0.45 ] , 2.84522611347e-17 , True
[ 0.63119507  0.51623388] , [ 0.375  0.2    0.425] , -1.62582596215e-17 , True
[ 0.29727367  0.63376591] , [ 0.375  0.225  0.4  ] , -9.01408268391e-18 , True
[ 0.17814458  0.92983225] , [ 0.375  0.25   0.375] , 1.68720985101e-17 , True
[ 0.10833363  0.97712957] , [ 0.375  0.275  0.35 ] , 5.29591050807e-17 , True
[ 0.1380819   0.46327386] , [ 0.375  0.3    0.325] , -2.81813526769e-17 , True
[ 0.30230105  0.72786727] , [ 0.375  0.325  0.3  ] , -9.86152838397e-18 , True
[ 0.84592082  0.81853719] , [ 0.375  0.35   0.275] , 0.000287920223768 , True
[ 0.83269445  0.4650033 ] , [ 0.375  0.375  0.25 ] , 0.00373799200063 , True
[ 0.56313973  0.31545422] , [ 0.375  0.4    0.225] , 0.0109550772408 , True
[ 0.55597095  0.47726356] , [ 0.375  0.425  0.2  ] , 0.0218079280685 , True
[ 0.59088664  0.70453521] , [ 0.375  0.45   0.175] , 0.0362038345716 , True
[ 0.48305828  0.64299765] , [ 0.375  0.475  0.15 ] , 0.0540828118636 , True
[ 0.31538158  0.25843346] , [ 0.375  0.5    0.125] , 0.0754140146495 , True
[ 0.3103497   0.22166951] , [ 0.375  0.525  0.1  ] , 0.100193824873 , True
[ 0.31576354  0.61727068] , [ 0.375  0.55   0.075] , 0.128445329462 , True
[ 0.44511703  0.93092015] , [ 0.375  0.575  0.05 ] , 0.160219096366 , True
[ 0.97175824  0.57242696] , [ 0.375  0.6    0.025] , 0.195595321285 , True
[ 0.99285369  0.52868406] , [ 0.4    0.025  0.575] , -7.6978984499e-17 , True
[ 0.56180726  0.4405732 ] , [ 0.4   0.05  0.55] , 4.26534496166e-17 , True
[ 0.32016162  0.74919972] , [ 0.4    0.075  0.525] , 6.33488682045e-17 , True
[ 0.5774428   0.85927668] , [ 0.4  0.1  0.5] , 1.64622208513e-17 , True
[ 0.96075049  0.22433326] , [ 0.4    0.125  0.475] , -6.04779886721e-18 , True
[ 0.3898448   0.16033012] , [ 0.4   0.15  0.45] , 3.09581420328e-17 , True
[ 0.07106013  0.47198375] , [ 0.4    0.175  0.425] , -3.52478211652e-17 , True
[ 0.48028364  0.6152379 ] , [ 0.4  0.2  0.4] , -8.21814341919e-17 , True
[ 0.31180689  0.68875545] , [ 0.4    0.225  0.375] , -1.80407108625e-17 , True
[ 0.73279172  0.9518146 ] , [ 0.4   0.25  0.35] , 5.83410508017e-17 , True
[ 0.0582069   0.45703143] , [ 0.4    0.275  0.325] , 2.80986320149e-17 , True
[ 0.74189766  0.84635002] , [ 0.4  0.3  0.3] , 2.33496115573e-17 , True
[ 0.92917211  0.57221176] , [ 0.4    0.325  0.275] , -1.65195763858e-18 , True
[ 0.68793312  0.74567209] , [ 0.4   0.35  0.25] , 0.000788424052417 , True
[ 0.28734373  0.87058713] , [ 0.4    0.375  0.225] , 0.00519496229021 , True
[ 0.86645757  0.89477509] , [ 0.4  0.4  0.2] , 0.0133316630132 , True
[ 0.52936109  0.90935392] , [ 0.4    0.425  0.175] , 0.025077611389 , True
[ 0.68553932  0.34312443] , [ 0.4   0.45  0.15] , 0.0403487239204 , True
[ 0.62582622  0.1825374 ] , [ 0.4    0.475  0.125] , 0.0590925644232 , True
[ 0.67789496  0.96588278] , [ 0.4  0.5  0.1] , 0.0812852162066 , True
[ 0.85529651  0.45592013] , [ 0.4    0.525  0.075] , 0.106929735427 , True
[ 0.81979994  0.92502688] , [ 0.4   0.55  0.05] , 0.136055955463 , True
[ 0.29457459  0.27556884] , [ 0.4    0.575  0.025] , 0.168721592432 , True
[ 0.18208611  0.17278269] , [ 0.425  0.025  0.55 ] , -3.62504747432e-19 , True
[ 0.28949662  0.81196048] , [ 0.425  0.05   0.525] , -5.2799678469e-17 , True
[ 0.93923562  0.02659892] , [ 0.425  0.075  0.5  ] , 3.26584503328e-17 , True
[ 0.12163907  0.3235832 ] , [ 0.425  0.1    0.475] , -3.02111127793e-17 , True
[ 0.03942253  0.69025854] , [ 0.425  0.125  0.45 ] , 4.79597927882e-20 , True
[ 0.74065304  0.88746921] , [ 0.425  0.15   0.425] , 4.92946982424e-17 , True
[ 0.55091624  0.70195271] , [ 0.425  0.175  0.4  ] , 4.69094456132e-17 , True
[ 0.62328867  0.21532367] , [ 0.425  0.2    0.375] , -9.17328919351e-19 , True
[ 0.62546217  0.83691617] , [ 0.425  0.225  0.35 ] , -4.93042855398e-17 , True
[ 0.06774066  0.79099566] , [ 0.425  0.25   0.325] , 2.02827241597e-17 , True
[ 0.45062523  0.25114437] , [ 0.425  0.275  0.3  ] , 1.09889378536e-17 , True
[ 0.36336042  0.82740174] , [ 0.425  0.3    0.275] , 7.59779177627e-18 , True
[ 0.49992056  0.91182607] , [ 0.425  0.325  0.25 ] , 5.14550729588e-17 , True
[ 0.57681278  0.76146855] , [ 0.425  0.35   0.225] , 0.00153215229695 , True
[ 0.7035371   0.09244667] , [ 0.425  0.375  0.2  ] , 0.00688485106783 , True
[ 0.2808125   0.27243009] , [ 0.425  0.4    0.175] , 0.0159336487295 , True
[ 0.19844089  0.60088165] , [ 0.425  0.425  0.15 ] , 0.0285674642219 , True
[ 0.19354735  0.59540863] , [ 0.425  0.45   0.125] , 0.0447105205017 , True
[ 0.5583576   0.83533267] , [ 0.425  0.475  0.1  ] , 0.0643177368326 , True
[ 0.47199131  0.18389273] , [ 0.425  0.5    0.075] , 0.0873720295481 , True
[ 0.70734824  0.95639473] , [ 0.425  0.525  0.05 ] , 0.113883117024 , True
[ 0.8083577  0.4728081] , [ 0.425  0.55   0.025] , 0.143887647643 , True
[ 0.8940721  0.2700858] , [ 0.45   0.025  0.525] , 1.09486705438e-17 , True
[ 0.52204781  0.59086675] , [ 0.45  0.05  0.5 ] , -1.23085789104e-17 , True
[ 0.98142386  0.66192339] , [ 0.45   0.075  0.475] , 1.00657906969e-17 , True
[ 0.47421988  0.30298529] , [ 0.45  0.1   0.45] , -4.54024099194e-18 , True
[ 0.64936123  0.90496016] , [ 0.45   0.125  0.425] , 4.82008441656e-17 , True
[ 0.10866813  0.32169133] , [ 0.45  0.15  0.4 ] , 1.02626033898e-17 , True
[ 0.40048192  0.52795536] , [ 0.45   0.175  0.375] , -5.82558320676e-17 , True
[ 0.59952394  0.67202688] , [ 0.45  0.2   0.35] , 1.67038366458e-17 , True
[ 0.95594519  0.5817151 ] , [ 0.45   0.225  0.325] , 6.04890244132e-18 , True
[ 0.15211574  0.09449631] , [ 0.45  0.25  0.3 ] , -1.81506941712e-17 , True
[ 0.73962674  0.23779205] , [ 0.45   0.275  0.275] , 2.92940009307e-17 , True
[ 0.55505305  0.44892243] , [ 0.45  0.3   0.25] , 1.93074132439e-17 , True
[ 0.92886024  0.07209664] , [ 0.45   0.325  0.225] , 3.37353607736e-05 , True
[ 0.4572793   0.60785378] , [ 0.45  0.35  0.2 ] , 0.00251623082046 , True
[ 0.7512096   0.28047978] , [ 0.45   0.375  0.175] , 0.00880554063571 , True
[ 0.07582975  0.50164636] , [ 0.45  0.4   0.15] , 0.0187595273227 , True
[ 0.2578066   0.51005258] , [ 0.45   0.425  0.125] , 0.0322764959098 , True
[ 0.7079179   0.60365499] , [ 0.45  0.45  0.1 ] , 0.0492886913241 , True
[ 0.6082361   0.46832519] , [ 0.45   0.475  0.075] , 0.0697582214778 , True
[ 0.13216815  0.93691179] , [ 0.45  0.5   0.05] , 0.0936747618938 , True
[ 0.48055554  0.13628544] , [ 0.45   0.525  0.025] , 0.121054701205 , True
[ 0.22397517  0.38177974] , [ 0.475  0.025  0.5  ] , 4.1903182197e-17 , True
[ 0.44604869  0.24028055] , [ 0.475  0.05   0.475] , -3.07884765277e-17 , True
[ 0.11625172  0.34073888] , [ 0.475  0.075  0.45 ] , 6.68941577874e-17 , True
[ 0.12727437  0.73573425] , [ 0.475  0.1    0.425] , 3.06185849014e-17 , True
[ 0.03214444  0.4404039 ] , [ 0.475  0.125  0.4  ] , 3.59752140049e-17 , True
[ 0.68311981  0.34327209] , [ 0.475  0.15   0.375] , 6.3004038196e-17 , True
[ 0.60692596  0.29797372] , [ 0.475  0.175  0.35 ] , -2.22662928686e-17 , True
[ 0.31344027  0.34073524] , [ 0.475  0.2    0.325] , 1.82895480963e-17 , True
[ 0.39881648  0.84148931] , [ 0.475  0.225  0.3  ] , -8.97906211183e-18 , True
[ 0.27118471  0.5177275 ] , [ 0.475  0.25   0.275] , 2.92913206756e-18 , True
[ 0.65305961  0.30121264] , [ 0.475  0.275  0.25 ] , 4.92259291808e-17 , True
[ 0.0791883   0.81895331] , [ 0.475  0.3    0.225] , -4.68475053405e-17 , True
[ 0.46383386  0.83027577] , [ 0.475  0.325  0.2  ] , 0.000287920223768 , True
[ 0.26740492  0.37252076] , [ 0.475  0.35   0.175] , 0.00373799200063 , True
[ 0.35342278  0.93059234] , [ 0.475  0.375  0.15 ] , 0.0109550772408 , True
[ 0.07518747  0.21280883] , [ 0.475  0.4    0.125] , 0.0218079280685 , True
[ 0.45939726  0.8815473 ] , [ 0.475  0.425  0.1  ] , 0.0362038345716 , True
[ 0.41309757  0.96314957] , [ 0.475  0.45   0.075] , 0.0540828118636 , True
[ 0.69459235  0.56060392] , [ 0.475  0.475  0.05 ] , 0.0754140146495 , True
[ 0.62834662  0.84901868] , [ 0.475  0.5    0.025] , 0.100193824873 , True
[ 0.0989109   0.65855256] , [ 0.5    0.025  0.475] , -5.97485809166e-17 , True
[ 0.48864981  0.45603645] , [ 0.5   0.05  0.45] , 2.23365061917e-17 , True
[ 0.03249521  0.87172988] , [ 0.5    0.075  0.425] , -4.63254368345e-17 , True
[ 0.60774967  0.7956359 ] , [ 0.5  0.1  0.4] , 8.41584834159e-18 , True
[ 0.44850254  0.41684636] , [ 0.5    0.125  0.375] , 5.12410626751e-17 , True
[ 0.93354731  0.4946991 ] , [ 0.5   0.15  0.35] , 1.96297870921e-18 , True
[ 0.33149937  0.64933766] , [ 0.5    0.175  0.325] , 2.16327236576e-17 , True
[ 0.26011575  0.82472605] , [ 0.5  0.2  0.3] , 5.15606224995e-17 , True
[ 0.37320494  0.52015437] , [ 0.5    0.225  0.275] , -3.89832295383e-17 , True
[ 0.50175409  0.4744385 ] , [ 0.5   0.25  0.25] , 1.68917056463e-17 , True
[ 0.04897147  0.89380913] , [ 0.5    0.275  0.225] , 2.93191596707e-17 , True
[ 0.3426455   0.30141075] , [ 0.5  0.3  0.2] , -2.70670980441e-17 , True
[ 0.51071431  0.91869797] , [ 0.5    0.325  0.175] , 0.000788424052417 , True
[ 0.86696484  0.77237194] , [ 0.5   0.35  0.15] , 0.00519496229021 , True
[ 0.53095979  0.90981552] , [ 0.5    0.375  0.125] , 0.0133316630132 , True
[ 0.96395868  0.01363023] , [ 0.5  0.4  0.1] , 0.025077611389 , True
[ 0.16114494  0.806143  ] , [ 0.5    0.425  0.075] , 0.0403487239204 , True
[ 0.61896806  0.53171401] , [ 0.5   0.45  0.05] , 0.0590925644232 , True
[ 0.48224191  0.23315012] , [ 0.5    0.475  0.025] , 0.0812852162066 , True
[ 0.73326966  0.19642351] , [ 0.525  0.025  0.45 ] , -2.87134709323e-17 , True
[ 0.77651463  0.70645419] , [ 0.525  0.05   0.425] , -3.62790181213e-17 , True
[ 0.63515856  0.59934176] , [ 0.525  0.075  0.4  ] , 3.57845867111e-17 , True
[ 0.0429816   0.08755136] , [ 0.525  0.1    0.375] , -4.76305774536e-17 , True
[ 0.65377711  0.74393871] , [ 0.525  0.125  0.35 ] , -3.90293204738e-18 , True
[ 0.05178209  0.12603549] , [ 0.525  0.15   0.325] , -3.14967546846e-17 , True
[ 0.52048694  0.89969872] , [ 0.525  0.175  0.3  ] , 2.70271085326e-17 , True
[ 0.037053    0.93076603] , [ 0.525  0.2    0.275] , 4.15970553202e-18 , True
[ 0.80856219  0.93329693] , [ 0.525  0.225  0.25 ] , -6.95451405061e-18 , True
[ 0.20451979  0.58846803] , [ 0.525  0.25   0.225] , -3.00563271695e-17 , True
[ 0.91245848  0.47602884] , [ 0.525  0.275  0.2  ] , -3.62198710497e-17 , True
[ 0.27217508  0.51161985] , [ 0.525  0.3    0.175] , 2.03547990263e-14 , True
[ 0.61745651  0.05956228] , [ 0.525  0.325  0.15 ] , 0.00153215229695 , True
[ 0.01515555  0.97635591] , [ 0.525  0.35   0.125] , 0.00688485106783 , True
[ 0.24908351  0.35194301] , [ 0.525  0.375  0.1  ] , 0.0159336487295 , True
[ 0.13715085  0.730727  ] , [ 0.525  0.4    0.075] , 0.0285674642219 , True
[ 0.67807443  0.98257952] , [ 0.525  0.425  0.05 ] , 0.0447105205017 , True
[ 0.54528093  0.46431073] , [ 0.525  0.45   0.025] , 0.0643177368326 , True
[ 0.14880584  0.45299425] , [ 0.55   0.025  0.425] , 6.95324973055e-17 , True
[ 0.14399132  0.85965214] , [ 0.55  0.05  0.4 ] , 6.63553837133e-17 , True
[ 0.77684092  0.4862254 ] , [ 0.55   0.075  0.375] , -4.98742373213e-17 , True
[ 0.83383233  0.92346963] , [ 0.55  0.1   0.35] , -2.79697841079e-17 , True
[ 0.02665884  0.67952706] , [ 0.55   0.125  0.325] , -1.57088420436e-17 , True
[ 0.12658545  0.39870594] , [ 0.55  0.15  0.3 ] , 8.18379065495e-17 , True
[ 0.99777532  0.60592193] , [ 0.55   0.175  0.275] , -5.55963935376e-17 , True
[ 0.1650479   0.59462409] , [ 0.55  0.2   0.25] , 1.86793094297e-17 , True
[ 0.68903614  0.12997006] , [ 0.55   0.225  0.225] , 9.00424166909e-17 , True
[ 0.50933813  0.78451655] , [ 0.55  0.25  0.2 ] , 4.4162169085e-17 , True
[ 0.74762242  0.74279646] , [ 0.55   0.275  0.175] , -1.9494027331e-17 , True
[ 0.56057743  0.4970479 ] , [ 0.55  0.3   0.15] , 3.37353649019e-05 , True
[ 0.16483252  0.04577988] , [ 0.55   0.325  0.125] , 0.00251623082046 , True
[ 0.69179109  0.26049337] , [ 0.55  0.35  0.1 ] , 0.00880554063571 , True
[ 0.22165957  0.04908328] , [ 0.55   0.375  0.075] , 0.0187595273227 , True
[ 0.94706849  0.57265079] , [ 0.55  0.4   0.05] , 0.0322764959098 , True
[ 0.1589007   0.91863077] , [ 0.55   0.425  0.025] , 0.0492886913241 , True
[ 0.99531854  0.27673358] , [ 0.575  0.025  0.4  ] , -5.20872234088e-17 , True
[ 0.13168394  0.05658346] , [ 0.575  0.05   0.375] , -2.847568749e-17 , True
[ 0.75664476  0.75481147] , [ 0.575  0.075  0.35 ] , -5.21755469716e-18 , True
[ 0.96132085  0.34387567] , [ 0.575  0.1    0.325] , 1.49514105215e-17 , True
[ 0.5666448   0.57185251] , [ 0.575  0.125  0.3  ] , 7.94230504713e-17 , True
[ 0.23126557  0.939209  ] , [ 0.575  0.15   0.275] , 7.0028893694e-18 , True
[ 0.64524034  0.27299081] , [ 0.575  0.175  0.25 ] , -4.2361658673e-18 , True
[ 0.95077319  0.04954767] , [ 0.575  0.2    0.225] , -1.61777593704e-17 , True
[ 0.11169386  0.10883589] , [ 0.575  0.225  0.2  ] , 7.72072446426e-17 , True
[ 0.48074258  0.8523324 ] , [ 0.575  0.25   0.175] , 2.5054502008e-17 , True
[ 0.64687041  0.33802558] , [ 0.575  0.275  0.15 ] , -3.63998820121e-17 , True
[ 0.72927433  0.30875552] , [ 0.575  0.3    0.125] , 0.000287920223767 , True
[ 0.45403605  0.35639059] , [ 0.575  0.325  0.1  ] , 0.00373799200063 , True
[ 0.85770579  0.67776927] , [ 0.575  0.35   0.075] , 0.0109550772408 , True
[ 0.24294034  0.78141171] , [ 0.575  0.375  0.05 ] , 0.0218079280685 , True
[ 0.77031486  0.26078955] , [ 0.575  0.4    0.025] , 0.0362038345716 , True
[ 0.85864991  0.2561638 ] , [ 0.6    0.025  0.375] , 1.04024973897e-17 , True
[ 0.06466957  0.14665714] , [ 0.6   0.05  0.35] , -6.7543117313e-17 , True
[ 0.95893496  0.99052792] , [ 0.6    0.075  0.325] , -1.3243775173e-17 , True
[ 0.23971378  0.97284704] , [ 0.6  0.1  0.3] , -5.1241062675e-17 , True
[ 0.29266239  0.71401301] , [ 0.6    0.125  0.275] , 2.82417448671e-17 , True
[ 0.28732762  0.54698975] , [ 0.6   0.15  0.25] , 3.40188433231e-17 , True
[ 0.73822736  0.9151729 ] , [ 0.6    0.175  0.225] , 3.30355945055e-17 , True
[ 0.36412309  0.37106013] , [ 0.6  0.2  0.2] , -2.96926209869e-17 , True
[ 0.03362941  0.36181613] , [ 0.6    0.225  0.175] , -8.59725051736e-17 , True
[ 0.14385023  0.8409844 ] , [ 0.6   0.25  0.15] , -5.44225043144e-17 , True
[ 0.75134132  0.80747982] , [ 0.6    0.275  0.125] , -6.1365802899e-17 , True
[ 0.94651646  0.18784006] , [ 0.6  0.3  0.1] , 0.000788424052419 , True
[ 0.23279065  0.17229058] , [ 0.6    0.325  0.075] , 0.00519496229021 , True
[ 0.53660631  0.51550448] , [ 0.6   0.35  0.05] , 0.0133316630132 , True
[ 0.07671282  0.49913301] , [ 0.6    0.375  0.025] , 0.025077611389 , True
[ 0.09569111  0.47272071] , [ 0.625  0.025  0.35 ] , 1.40629309424e-17 , True
[ 0.99726471  0.98231772] , [ 0.625  0.05   0.325] , -6.18770807654e-17 , True
[ 0.90975848  0.37103948] , [ 0.625  0.075  0.3  ] , 3.33191750247e-17 , True
[ 0.45028076  0.94590202] , [ 0.625  0.1    0.275] , 5.99034642885e-17 , True
[ 0.61426627  0.74520048] , [ 0.625  0.125  0.25 ] , 8.93254871015e-18 , True
[ 0.15862239  0.36231309] , [ 0.625  0.15   0.225] , 5.73686290898e-18 , True
[ 0.58066768  0.25345722] , [ 0.625  0.175  0.2  ] , -5.33224571871e-17 , True
[ 0.37536785  0.85428421] , [ 0.625  0.2    0.175] , 1.14039018667e-17 , True
[ 0.19684138  0.95278102] , [ 0.625  0.225  0.15 ] , 3.03370351896e-18 , True
[ 0.68490162  0.63514494] , [ 0.625  0.25   0.125] , -5.75901462111e-17 , True
[ 0.18508543  0.24850359] , [ 0.625  0.275  0.1  ] , -3.04057369804e-17 , True
[ 0.72868347  0.60127039] , [ 0.625  0.3    0.075] , 0.00153215229695 , True
[ 0.54511995  0.76273685] , [ 0.625  0.325  0.05 ] , 0.00688485106783 , True
[ 0.3197023   0.86719151] , [ 0.625  0.35   0.025] , 0.0159336487295 , True
[ 0.90241611  0.86407031] , [ 0.65   0.025  0.325] , 1.47056994837e-17 , True
[ 0.07728481  0.42900932] , [ 0.65  0.05  0.3 ] , -5.12792023817e-17 , True
[ 0.97883715  0.56889717] , [ 0.65   0.075  0.275] , 2.29083910346e-17 , True
[ 0.67630524  0.29961514] , [ 0.65  0.1   0.25] , -2.66111912973e-19 , True
[ 0.76813104  0.48546118] , [ 0.65   0.125  0.225] , 2.50412901859e-17 , True
[ 0.32342141  0.82287275] , [ 0.65  0.15  0.2 ] , 8.22071713402e-18 , True
[ 0.85741625  0.42575204] , [ 0.65   0.175  0.175] , -4.55042472978e-18 , True
[ 0.54388371  0.06528606] , [ 0.65  0.2   0.15] , 1.32942994535e-17 , True
[ 0.45585246  0.53355825] , [ 0.65   0.225  0.125] , 8.85888208286e-17 , True
[ 0.24966844  0.39855646] , [ 0.65  0.25  0.1 ] , -2.13603663278e-17 , True
[ 0.44736351  0.37131088] , [ 0.65   0.275  0.075] , 3.37353708581e-05 , True
[ 0.53452579  0.65026096] , [ 0.65  0.3   0.05] , 0.00251623082046 , True
[ 0.47765452  0.22943346] , [ 0.65   0.325  0.025] , 0.00880554063571 , True
[ 0.52853741  0.68217414] , [ 0.675  0.025  0.3  ] , 6.25925241867e-17 , True
[ 0.80779495  0.27589351] , [ 0.675  0.05   0.275] , 2.59999607313e-17 , True
[ 0.83681635  0.64233992] , [ 0.675  0.075  0.25 ] , 5.54425180918e-17 , True
[ 0.92943747  0.34414083] , [ 0.675  0.1    0.225] , -7.93414061012e-18 , True
[ 0.69962923  0.34277796] , [ 0.675  0.125  0.2  ] , 1.9409162885e-18 , True
[ 0.15065231  0.06423176] , [ 0.675  0.15   0.175] , 2.89878864948e-17 , True
[ 0.19223798  0.23933013] , [ 0.675  0.175  0.15 ] , -4.73514458983e-17 , True
[ 0.71605114  0.53615226] , [ 0.675  0.2    0.125] , 7.93698352901e-17 , True
[ 0.0696822   0.07831995] , [ 0.675  0.225  0.1  ] , -2.94791391571e-17 , True
[ 0.02271462  0.88918805] , [ 0.675  0.25   0.075] , 3.24012117958e-17 , True
[ 0.45445927  0.52983765] , [ 0.675  0.275  0.05 ] , 0.000287920223768 , True
[ 0.2695273   0.20455123] , [ 0.675  0.3    0.025] , 0.00373799200063 , True
[ 0.6185396   0.91838162] , [ 0.7    0.025  0.275] , 6.82535416251e-17 , True
[ 0.13129189  0.40422083] , [ 0.7   0.05  0.25] , -2.94719276273e-17 , True
[ 0.27655666  0.03317175] , [ 0.7    0.075  0.225] , -5.76461955094e-17 , True
[ 0.32513134  0.92036478] , [ 0.7  0.1  0.2] , -5.40600717536e-17 , True
[ 0.83891182  0.46163026] , [ 0.7    0.125  0.175] , -9.80592174384e-17 , True
[ 0.13296674  0.79209976] , [ 0.7   0.15  0.15] , 2.3263373289e-17 , True
[ 0.11831863  0.3896624 ] , [ 0.7    0.175  0.125] , 2.28820604069e-17 , True
[ 0.81731425  0.75225567] , [ 0.7  0.2  0.1] , -1.30699727091e-17 , True
[ 0.88355342  0.81178848] , [ 0.7    0.225  0.075] , -7.4274526035e-17 , True
[ 0.07768739  0.47184731] , [ 0.7   0.25  0.05] , -7.74314960241e-18 , True
[ 0.55160125  0.9386502 ] , [ 0.7    0.275  0.025] , 0.000788424052416 , True
[ 0.18223445  0.47835642] , [ 0.725  0.025  0.25 ] , -5.12474566709e-17 , True
[ 0.55152491  0.26985694] , [ 0.725  0.05   0.225] , 5.22232525603e-17 , True
[ 0.40929908  0.01311106] , [ 0.725  0.075  0.2  ] , 1.79888459451e-10 , True
[ 0.51466607  0.32413396] , [ 0.725  0.1    0.175] , 3.55009442372e-17 , True
[ 0.67730725  0.75185465] , [ 0.725  0.125  0.15 ] , -9.12400898448e-17 , True
[ 0.03989178  0.97999457] , [ 0.725  0.15   0.125] , -3.66585055469e-18 , True
[ 0.09206877  0.96548916] , [ 0.725  0.175  0.1  ] , 2.48642792878e-19 , True
[ 0.05855951  0.11756515] , [ 0.725  0.2    0.075] , 2.1243015942e-17 , True
[ 0.02234381  0.36643048] , [ 0.725  0.225  0.05 ] , -2.08482171219e-17 , True
[ 0.37640249  0.24153752] , [ 0.725  0.25   0.025] , 4.64510630751e-17 , True
[ 0.35977846  0.82731139] , [ 0.75   0.025  0.225] , 3.30473052067e-17 , True
[ 0.54992192  0.0540864 ] , [ 0.75  0.05  0.2 ] , 0.1353971442 , True
[ 0.57312281  0.92909625] , [ 0.75   0.075  0.175] , 4.74785717613e-17 , True
[ 0.98789795  0.13370566] , [ 0.75  0.1   0.15] , 4.63659471457e-17 , True
[ 0.29390536  0.83912359] , [ 0.75   0.125  0.125] , 3.46495951176e-17 , True
[ 0.65092585  0.38814513] , [ 0.75  0.15  0.1 ] , 2.5191947631e-17 , True
[ 0.03322725  0.21088778] , [ 0.75   0.175  0.075] , 6.32926821595e-17 , True
[ 0.62022525  0.91561254] , [ 0.75  0.2   0.05] , 1.290585589e-17 , True
[ 0.08413029  0.91636803] , [ 0.75   0.225  0.025] , -6.99873043916e-17 , True
[ 0.384574    0.58703394] , [ 0.775  0.025  0.2  ] , -3.00770991958e-18 , True
[ 0.59013353  0.70637705] , [ 0.775  0.05   0.175] , 4.57431826181e-17 , True
[ 0.42757945  0.15234923] , [ 0.775  0.075  0.15 ] , -6.95814534359e-17 , True
[ 0.05956144  0.48387073] , [ 0.775  0.1    0.125] , -7.83927461385e-17 , True
[ 0.86688507  0.38728821] , [ 0.775  0.125  0.1  ] , 3.29879510294e-17 , True
[ 0.9178183   0.32642913] , [ 0.775  0.15   0.075] , 4.39677500616e-17 , True
[ 0.67987947  0.14706113] , [ 0.775  0.175  0.05 ] , -2.55541216904e-17 , True
[ 0.97774095  0.61457469] , [ 0.775  0.2    0.025] , -8.46188457443e-19 , True
[ 0.01771793  0.21869215] , [ 0.8    0.025  0.175] , 2.6635133842e-17 , True
[ 0.28388587  0.20506864] , [ 0.8   0.05  0.15] , 0.00164210350148 , True
[ 0.38203348  0.15461233] , [ 0.8    0.075  0.125] , -7.16548682368e-18 , True
[ 0.97497607  0.1672859 ] , [ 0.8  0.1  0.1] , 4.69873995649e-17 , True
[ 0.29311977  0.32028062] , [ 0.8    0.125  0.075] , -1.54345452133e-17 , True
[ 0.87921877  0.66806673] , [ 0.8   0.15  0.05] , 2.33022549588e-17 , True
[ 0.72212662  0.99306877] , [ 0.8    0.175  0.025] , -3.54512478863e-17 , True
[ 0.75312322  0.09180341] , [ 0.825  0.025  0.15 ] , 0.174785773873 , True
[ 0.34960816  0.46445606] , [ 0.825  0.05   0.125] , 1.66835561366e-10 , True
[ 0.86687759  0.18028506] , [ 0.825  0.075  0.1  ] , -2.91730787136e-17 , True
[ 0.71508145  0.39365925] , [ 0.825  0.1    0.075] , 1.35526256345e-17 , True
[ 0.76301301  0.58124959] , [ 0.825  0.125  0.05 ] , -1.55833493544e-17 , True
[ 0.83292147  0.79579257] , [ 0.825  0.15   0.025] , -3.84992333422e-17 , True
[ 0.88107813  0.60295797] , [ 0.85   0.025  0.125] , 0.1353971442 , True
[ 0.68292352  0.86442361] , [ 0.85  0.05  0.1 ] , -5.9260511553e-20 , True
[ 0.76586919  0.0277032 ] , [ 0.85   0.075  0.075] , 8.84424729335e-17 , True
[ 0.82755615  0.45287237] , [ 0.85  0.1   0.05] , -3.05540080916e-17 , True
[ 0.89101083  0.0420924 ] , [ 0.85   0.125  0.025] , 1.72622780486e-17 , True
[ 0.17375344  0.47367449] , [ 0.875  0.025  0.1  ] , 0.0839665580933 , True
[ 0.10345934  0.23753656] , [ 0.875  0.05   0.075] , 5.09464127879e-14 , True
[ 0.98692039  0.53412353] , [ 0.875  0.075  0.05 ] , -1.77649465742e-17 , True
[ 0.98930056  0.26570478] , [ 0.875  0.1    0.025] , -3.49356035329e-17 , True
[ 0.17402282  0.39597236] , [ 0.9    0.025  0.075] , 1.85283291198e-07 , True (False originally)
[ 0.51657109  0.29299169] , [ 0.9   0.05  0.05] , 7.78469543482e-17 , True
[ 0.22241197  0.64869345] , [ 0.9    0.075  0.025] , 4.95086171111e-17 , True
[ 0.20019915  0.06500763] , [ 0.925  0.025  0.05 ] , 1.47627410488e-10 , True
[ 0.58912201  0.43026095] , [ 0.925  0.05   0.025] , 9.75357885231e-17 , True
[ 0.92578313  0.16031956] , [ 0.95   0.025  0.025] , 4.31277405562e-16 , True
741 741
100.0
